"code_bss";"date_mesure";"niveau_nappe_eau"
"03426X0226/PZ3";"2000-03-07";"203.74"
"03426X0226/PZ3";"2000-03-14";"203.74"
"03426X0226/PZ3";"2000-03-21";"203.69"
"03426X0226/PZ3";"2000-03-28";"203.77"
"03426X0226/PZ3";"2000-04-04";"203.84"
"03426X0226/PZ3";"2000-04-11";"203.7"
"03426X0226/PZ3";"2000-04-18";"203.74"
"03426X0226/PZ3";"2000-04-26";"203.75"
"03426X0226/PZ3";"2000-05-02";"203.78"
"03426X0226/PZ3";"2000-05-09";"203.83"
"03426X0226/PZ3";"2000-05-16";"203.74"
"03426X0226/PZ3";"2000-05-23";"203.66"
"03426X0226/PZ3";"2000-05-30";"203.56"
"03426X0226/PZ3";"2000-06-05";"203.57"
"03426X0226/PZ3";"2000-06-13";"203.59"
"03426X0226/PZ3";"2000-06-20";"203.31"
"03426X0226/PZ3";"2000-06-27";"203.23"
"03426X0226/PZ3";"2000-07-04";"203.48"
"03426X0226/PZ3";"2000-07-11";"203.48"
"03426X0226/PZ3";"2000-07-18";"203.5"
"03426X0226/PZ3";"2000-08-02";"203.51"
"03426X0226/PZ3";"2000-08-08";"203.54"
"03426X0226/PZ3";"2000-08-15";"203.5"
"03426X0226/PZ3";"2000-08-22";"203.47"
"03426X0226/PZ3";"2000-08-29";"203.49"
"03426X0226/PZ3";"2000-09-05";"203.45"
"03426X0226/PZ3";"2000-09-12";"203.45"
"03426X0226/PZ3";"2000-09-19";"203.47"
"03426X0226/PZ3";"2000-09-26";"203.49"
"03426X0226/PZ3";"2000-10-03";"203.5"
"03426X0226/PZ3";"2000-10-10";"203.49"
"03426X0226/PZ3";"2000-10-17";"203.4"
"03426X0226/PZ3";"2000-10-24";"203.38"
"03426X0226/PZ3";"2000-11-07";"203.37"
"03426X0226/PZ3";"2000-11-14";"203.34"
"03426X0226/PZ3";"2000-11-21";"203.3"
"03426X0226/PZ3";"2000-11-28";"203.24"
"03426X0226/PZ3";"2000-12-05";"203.18"
"03426X0226/PZ3";"2000-12-12";"203.14"
"03426X0226/PZ3";"2000-12-19";"203.09"
"03426X0226/PZ3";"2000-12-26";"203.04"
"03426X0226/PZ3";"2001-01-02";"202.99"
"03426X0226/PZ3";"2001-01-09";"202.93"
"03426X0226/PZ3";"2001-01-16";"202.86"
"03426X0226/PZ3";"2001-01-23";"202.79"
"03426X0226/PZ3";"2001-01-30";"202.75"
"03426X0226/PZ3";"2001-02-06";"202.69"
"03426X0226/PZ3";"2001-02-13";"202.61"
"03426X0226/PZ3";"2001-02-20";"202.54"
"03426X0226/PZ3";"2001-03-06";"202.67"
"03426X0226/PZ3";"2001-03-13";"202.74"
"03426X0226/PZ3";"2001-03-20";"202.8"
"03426X0226/PZ3";"2001-03-27";"202.86"
"03426X0226/PZ3";"2001-04-03";"203.01"
"03426X0226/PZ3";"2001-04-10";"203.26"
"03426X0226/PZ3";"2001-04-18";"203.5"
"03426X0226/PZ3";"2001-04-24";"203.6"
"03426X0226/PZ3";"2001-05-01";"203.71"
"03426X0226/PZ3";"2001-05-08";"203.76"
"03426X0226/PZ3";"2001-05-15";"203.79"
"03426X0226/PZ3";"2001-05-22";"203.82"
"03426X0226/PZ3";"2001-05-29";"203.84"
"03426X0226/PZ3";"2001-06-04";"203.84"
"03426X0226/PZ3";"2001-06-12";"203.84"
"03426X0226/PZ3";"2001-06-19";"203.86"
"03426X0226/PZ3";"2001-06-26";"203.86"
"03426X0226/PZ3";"2001-07-10";"203.86"
"03426X0226/PZ3";"2001-07-17";"203.84"
"03426X0226/PZ3";"2001-07-24";"203.84"
"03426X0226/PZ3";"2001-07-31";"203.82"
"03426X0226/PZ3";"2001-08-07";"203.8"
"03426X0226/PZ3";"2001-08-14";"203.77"
"03426X0226/PZ3";"2001-08-21";"203.74"
"03426X0226/PZ3";"2001-08-28";"203.66"
"03426X0226/PZ3";"2001-09-04";"203.63"
"03426X0226/PZ3";"2001-09-11";"203.6"
"03426X0226/PZ3";"2001-09-18";"203.57"
"03426X0226/PZ3";"2001-09-25";"203.55"
"03426X0226/PZ3";"2001-10-02";"203.5"
"03426X0226/PZ3";"2001-10-09";"203.44"
"03426X0226/PZ3";"2001-10-16";"203.37"
"03426X0226/PZ3";"2001-10-23";"203.28"
"03426X0226/PZ3";"2001-10-30";"203.2"
"03426X0226/PZ3";"2001-11-06";"203.15"
"03426X0226/PZ3";"2001-11-13";"203.14"
"03426X0226/PZ3";"2001-11-20";"203.13"
"03426X0226/PZ3";"2001-11-27";"203.1"
"03426X0226/PZ3";"2001-12-04";"203.05"
"03426X0226/PZ3";"2001-12-11";"202.95"
"03426X0226/PZ3";"2001-12-18";"202.84"
"03426X0226/PZ3";"2001-12-25";"202.72"
"03426X0226/PZ3";"2002-01-02";"202.62"
"03426X0226/PZ3";"2002-01-08";"202.52"
"03426X0226/PZ3";"2002-01-15";"202.29"
"03426X0226/PZ3";"2002-01-22";"202.17"
"03426X0226/PZ3";"2002-01-29";"202.04"
"03426X0226/PZ3";"2002-02-06";"201.95"
"03426X0226/PZ3";"2002-02-12";"201.84"
"03426X0226/PZ3";"2002-02-19";"201.74"
"03426X0226/PZ3";"2002-02-27";"201.67"
"03426X0226/PZ3";"2002-03-05";"201.61"
"03426X0226/PZ3";"2002-03-12";"201.54"
"03426X0226/PZ3";"2002-03-19";"201.51"
"03426X0226/PZ3";"2002-03-26";"201.48"
"03426X0226/PZ3";"2002-04-02";"201.48"
"03426X0226/PZ3";"2002-04-09";"201.5"
"03426X0226/PZ3";"2002-04-16";"201.5"
"03426X0226/PZ3";"2002-04-23";"201.49"
"03426X0226/PZ3";"2002-04-30";"201.49"
"03426X0226/PZ3";"2002-05-07";"201.46"
"03426X0226/PZ3";"2002-05-14";"201.42"
"03426X0226/PZ3";"2002-05-22";"201.39"
"03426X0226/PZ3";"2002-05-28";"201.34"
"03426X0226/PZ3";"2002-06-04";"201.44"
"03426X0226/PZ3";"2002-06-11";"201.57"
"03426X0226/PZ3";"2002-06-18";"201.69"
"03426X0226/PZ3";"2002-06-25";"201.84"
"03426X0226/PZ3";"2002-07-09";"201.83"
"03426X0226/PZ3";"2002-07-16";"201.84"
"03426X0226/PZ3";"2002-07-23";"201.88"
"03426X0226/PZ3";"2002-07-30";"201.94"
"03426X0226/PZ3";"2002-08-06";"202.02"
"03426X0226/PZ3";"2002-08-13";"202.14"
"03426X0226/PZ3";"2002-08-20";"202.27"
"03426X0226/PZ3";"2002-08-27";"202.34"
"03426X0226/PZ3";"2002-09-03";"202.37"
"03426X0226/PZ3";"2002-09-10";"202.36"
"03426X0226/PZ3";"2002-09-17";"202.36"
"03426X0226/PZ3";"2002-09-24";"202.34"
"03426X0226/PZ3";"2002-10-01";"202.29"
"03426X0226/PZ3";"2002-10-08";"202.27"
"03426X0226/PZ3";"2002-10-15";"202.33"
"03426X0226/PZ3";"2002-10-22";"202.38"
"03426X0226/PZ3";"2002-10-29";"202.44"
"03426X0226/PZ3";"2002-11-05";"202.44"
"03426X0226/PZ3";"2002-11-12";"202.46"
"03426X0226/PZ3";"2002-11-19";"202.46"
"03426X0226/PZ3";"2002-11-26";"202.46"
"03426X0226/PZ3";"2002-12-03";"202.48"
"03426X0226/PZ3";"2002-12-10";"202.49"
"03426X0226/PZ3";"2003-01-21";"203.5"
"03426X0226/PZ3";"2003-01-28";"203.58"
"03426X0226/PZ3";"2003-02-04";"203.56"
"03426X0226/PZ3";"2003-02-11";"203.59"
"03426X0226/PZ3";"2003-02-25";"203.61"
"03426X0226/PZ3";"2003-03-04";"203.61"
"03426X0226/PZ3";"2003-03-11";"203.59"
"03426X0226/PZ3";"2003-03-12";"203.65"
"03426X0226/PZ3";"2003-03-18";"203.57"
"03426X0226/PZ3";"2003-03-25";"203.51"
"03426X0226/PZ3";"2003-04-01";"203.52"
"03426X0226/PZ3";"2003-04-08";"203.52"
"03426X0226/PZ3";"2003-04-15";"203.32"
"03426X0226/PZ3";"2003-04-22";"203.23"
"03426X0226/PZ3";"2003-04-29";"203.12"
"03426X0226/PZ3";"2003-05-20";"203.11"
"03426X0226/PZ3";"2003-05-27";"202.87"
"03426X0226/PZ3";"2003-06-03";"202.75"
"03426X0226/PZ3";"2003-06-12";"202.69"
"03426X0226/PZ3";"2003-06-13";"202.67"
"03426X0226/PZ3";"2003-06-14";"202.67"
"03426X0226/PZ3";"2003-06-15";"202.67"
"03426X0226/PZ3";"2003-06-16";"202.67"
"03426X0226/PZ3";"2003-06-17";"202.67"
"03426X0226/PZ3";"2003-06-18";"202.65"
"03426X0226/PZ3";"2003-06-19";"202.63"
"03426X0226/PZ3";"2003-06-20";"202.63"
"03426X0226/PZ3";"2003-06-21";"202.63"
"03426X0226/PZ3";"2003-06-22";"202.63"
"03426X0226/PZ3";"2003-06-23";"202.63"
"03426X0226/PZ3";"2003-06-24";"202.6"
"03426X0226/PZ3";"2003-06-25";"202.59"
"03426X0226/PZ3";"2003-06-26";"202.6"
"03426X0226/PZ3";"2003-06-27";"202.6"
"03426X0226/PZ3";"2003-06-28";"202.6"
"03426X0226/PZ3";"2003-06-29";"202.6"
"03426X0226/PZ3";"2003-06-30";"202.6"
"03426X0226/PZ3";"2003-07-01";"202.59"
"03426X0226/PZ3";"2003-07-02";"202.58"
"03426X0226/PZ3";"2003-07-03";"202.58"
"03426X0226/PZ3";"2003-07-04";"202.56"
"03426X0226/PZ3";"2003-07-05";"202.56"
"03426X0226/PZ3";"2003-07-06";"202.55"
"03426X0226/PZ3";"2003-07-07";"202.54"
"03426X0226/PZ3";"2003-07-08";"202.54"
"03426X0226/PZ3";"2003-07-09";"202.53"
"03426X0226/PZ3";"2003-07-10";"202.52"
"03426X0226/PZ3";"2003-07-11";"202.52"
"03426X0226/PZ3";"2003-07-12";"202.51"
"03426X0226/PZ3";"2003-07-13";"202.51"
"03426X0226/PZ3";"2003-07-14";"202.51"
"03426X0226/PZ3";"2003-07-15";"202.5"
"03426X0226/PZ3";"2003-07-16";"202.49"
"03426X0226/PZ3";"2003-07-17";"202.48"
"03426X0226/PZ3";"2003-07-18";"202.46"
"03426X0226/PZ3";"2003-07-19";"202.46"
"03426X0226/PZ3";"2003-07-20";"202.46"
"03426X0226/PZ3";"2003-07-21";"202.45"
"03426X0226/PZ3";"2003-07-22";"202.45"
"03426X0226/PZ3";"2003-07-23";"202.45"
"03426X0226/PZ3";"2003-07-24";"202.46"
"03426X0226/PZ3";"2003-07-25";"202.45"
"03426X0226/PZ3";"2003-07-26";"202.44"
"03426X0226/PZ3";"2003-07-27";"202.44"
"03426X0226/PZ3";"2003-07-28";"202.43"
"03426X0226/PZ3";"2003-07-29";"202.41"
"03426X0226/PZ3";"2003-07-30";"202.42"
"03426X0226/PZ3";"2003-07-31";"202.42"
"03426X0226/PZ3";"2003-08-01";"202.4"
"03426X0226/PZ3";"2003-08-02";"202.4"
"03426X0226/PZ3";"2003-08-03";"202.39"
"03426X0226/PZ3";"2003-08-04";"202.37"
"03426X0226/PZ3";"2003-08-05";"202.37"
"03426X0226/PZ3";"2003-08-06";"202.37"
"03426X0226/PZ3";"2003-08-07";"202.36"
"03426X0226/PZ3";"2003-08-08";"202.35"
"03426X0226/PZ3";"2003-08-09";"202.34"
"03426X0226/PZ3";"2003-08-10";"202.34"
"03426X0226/PZ3";"2003-08-11";"202.33"
"03426X0226/PZ3";"2003-08-12";"202.31"
"03426X0226/PZ3";"2003-08-13";"202.31"
"03426X0226/PZ3";"2003-08-14";"202.3"
"03426X0226/PZ3";"2003-08-15";"202.29"
"03426X0226/PZ3";"2003-08-16";"202.29"
"03426X0226/PZ3";"2003-08-17";"202.28"
"03426X0226/PZ3";"2003-08-18";"202.27"
"03426X0226/PZ3";"2003-08-19";"202.25"
"03426X0226/PZ3";"2003-08-20";"202.25"
"03426X0226/PZ3";"2003-08-21";"202.24"
"03426X0226/PZ3";"2003-08-22";"202.22"
"03426X0226/PZ3";"2003-08-23";"202.21"
"03426X0226/PZ3";"2003-08-24";"202.21"
"03426X0226/PZ3";"2003-08-25";"202.2"
"03426X0226/PZ3";"2003-08-26";"202.19"
"03426X0226/PZ3";"2003-08-27";"202.18"
"03426X0226/PZ3";"2003-08-28";"202.18"
"03426X0226/PZ3";"2003-08-29";"202.18"
"03426X0226/PZ3";"2003-08-30";"202.15"
"03426X0226/PZ3";"2003-08-31";"202.14"
"03426X0226/PZ3";"2003-09-01";"202.14"
"03426X0226/PZ3";"2003-09-02";"202.13"
"03426X0226/PZ3";"2003-09-03";"202.11"
"03426X0226/PZ3";"2003-09-04";"202.11"
"03426X0226/PZ3";"2003-09-05";"202.11"
"03426X0226/PZ3";"2003-09-06";"202.1"
"03426X0226/PZ3";"2003-09-07";"202.1"
"03426X0226/PZ3";"2003-09-08";"202.12"
"03426X0226/PZ3";"2003-09-09";"202.13"
"03426X0226/PZ3";"2003-09-10";"202.09"
"03426X0226/PZ3";"2003-09-11";"202.09"
"03426X0226/PZ3";"2003-09-12";"202.07"
"03426X0226/PZ3";"2003-09-13";"202.06"
"03426X0226/PZ3";"2003-09-14";"202.06"
"03426X0226/PZ3";"2003-09-15";"202.06"
"03426X0226/PZ3";"2003-09-16";"202.05"
"03426X0226/PZ3";"2003-09-17";"202.04"
"03426X0226/PZ3";"2003-09-18";"202.03"
"03426X0226/PZ3";"2003-09-19";"202.02"
"03426X0226/PZ3";"2003-09-20";"202.01"
"03426X0226/PZ3";"2003-09-21";"202.01"
"03426X0226/PZ3";"2003-09-22";"202.01"
"03426X0226/PZ3";"2003-09-23";"202.0"
"03426X0226/PZ3";"2003-09-24";"201.96"
"03426X0226/PZ3";"2003-09-25";"201.96"
"03426X0226/PZ3";"2003-09-26";"201.96"
"03426X0226/PZ3";"2003-09-27";"201.95"
"03426X0226/PZ3";"2003-09-28";"201.95"
"03426X0226/PZ3";"2003-09-29";"201.94"
"03426X0226/PZ3";"2003-09-30";"201.93"
"03426X0226/PZ3";"2003-10-01";"201.93"
"03426X0226/PZ3";"2003-10-02";"201.91"
"03426X0226/PZ3";"2003-10-03";"201.91"
"03426X0226/PZ3";"2003-10-04";"201.92"
"03426X0226/PZ3";"2003-10-05";"201.92"
"03426X0226/PZ3";"2003-10-06";"201.89"
"03426X0226/PZ3";"2003-10-07";"201.91"
"03426X0226/PZ3";"2003-10-08";"201.89"
"03426X0226/PZ3";"2003-10-09";"201.89"
"03426X0226/PZ3";"2003-10-10";"201.88"
"03426X0226/PZ3";"2003-10-11";"201.87"
"03426X0226/PZ3";"2003-10-12";"201.86"
"03426X0226/PZ3";"2003-10-13";"201.85"
"03426X0226/PZ3";"2003-10-14";"201.84"
"03426X0226/PZ3";"2003-10-15";"201.83"
"03426X0226/PZ3";"2003-10-16";"201.82"
"03426X0226/PZ3";"2003-10-17";"201.82"
"03426X0226/PZ3";"2003-10-18";"201.82"
"03426X0226/PZ3";"2003-10-19";"201.82"
"03426X0226/PZ3";"2003-10-20";"201.82"
"03426X0226/PZ3";"2003-10-21";"201.81"
"03426X0226/PZ3";"2003-10-22";"201.8"
"03426X0226/PZ3";"2003-10-23";"201.8"
"03426X0226/PZ3";"2003-10-24";"201.77"
"03426X0226/PZ3";"2003-10-25";"201.77"
"03426X0226/PZ3";"2003-10-26";"201.78"
"03426X0226/PZ3";"2003-10-27";"201.76"
"03426X0226/PZ3";"2003-10-28";"201.77"
"03426X0226/PZ3";"2003-10-29";"201.78"
"03426X0226/PZ3";"2003-10-30";"201.79"
"03426X0226/PZ3";"2003-10-31";"201.79"
"03426X0226/PZ3";"2003-11-01";"201.75"
"03426X0226/PZ3";"2003-11-02";"201.72"
"03426X0226/PZ3";"2003-11-03";"201.71"
"03426X0226/PZ3";"2003-11-04";"201.69"
"03426X0226/PZ3";"2003-11-05";"201.68"
"03426X0226/PZ3";"2003-11-06";"201.67"
"03426X0226/PZ3";"2003-11-07";"201.67"
"03426X0226/PZ3";"2003-11-08";"201.68"
"03426X0226/PZ3";"2003-11-09";"201.66"
"03426X0226/PZ3";"2003-11-10";"201.65"
"03426X0226/PZ3";"2003-11-11";"201.64"
"03426X0226/PZ3";"2003-11-12";"201.63"
"03426X0226/PZ3";"2003-11-13";"201.62"
"03426X0226/PZ3";"2003-11-14";"201.62"
"03426X0226/PZ3";"2003-11-15";"201.62"
"03426X0226/PZ3";"2003-11-16";"201.61"
"03426X0226/PZ3";"2003-11-17";"201.58"
"03426X0226/PZ3";"2003-11-18";"201.58"
"03426X0226/PZ3";"2003-11-19";"201.57"
"03426X0226/PZ3";"2003-11-20";"201.57"
"03426X0226/PZ3";"2003-11-21";"201.57"
"03426X0226/PZ3";"2003-11-22";"201.56"
"03426X0226/PZ3";"2003-11-23";"201.55"
"03426X0226/PZ3";"2003-11-24";"201.55"
"03426X0226/PZ3";"2003-11-25";"201.53"
"03426X0226/PZ3";"2003-11-26";"201.53"
"03426X0226/PZ3";"2003-11-27";"201.53"
"03426X0226/PZ3";"2003-11-28";"201.51"
"03426X0226/PZ3";"2003-11-29";"201.51"
"03426X0226/PZ3";"2003-11-30";"201.51"
"03426X0226/PZ3";"2003-12-01";"201.51"
"03426X0226/PZ3";"2003-12-02";"201.49"
"03426X0226/PZ3";"2003-12-03";"201.47"
"03426X0226/PZ3";"2003-12-04";"201.47"
"03426X0226/PZ3";"2003-12-05";"201.45"
"03426X0226/PZ3";"2003-12-06";"201.45"
"03426X0226/PZ3";"2003-12-07";"201.44"
"03426X0226/PZ3";"2003-12-08";"201.43"
"03426X0226/PZ3";"2003-12-09";"201.43"
"03426X0226/PZ3";"2003-12-10";"201.43"
"03426X0226/PZ3";"2003-12-11";"201.41"
"03426X0226/PZ3";"2003-12-12";"201.39"
"03426X0226/PZ3";"2003-12-13";"201.4"
"03426X0226/PZ3";"2003-12-14";"201.39"
"03426X0226/PZ3";"2003-12-15";"201.38"
"03426X0226/PZ3";"2003-12-16";"201.35"
"03426X0226/PZ3";"2003-12-17";"201.35"
"03426X0226/PZ3";"2003-12-18";"201.34"
"03426X0226/PZ3";"2003-12-19";"201.34"
"03426X0226/PZ3";"2003-12-20";"201.33"
"03426X0226/PZ3";"2003-12-21";"201.34"
"03426X0226/PZ3";"2003-12-22";"201.31"
"03426X0226/PZ3";"2003-12-23";"201.29"
"03426X0226/PZ3";"2003-12-24";"201.27"
"03426X0226/PZ3";"2003-12-25";"201.28"
"03426X0226/PZ3";"2003-12-26";"201.29"
"03426X0226/PZ3";"2003-12-27";"201.29"
"03426X0226/PZ3";"2003-12-28";"201.3"
"03426X0226/PZ3";"2003-12-29";"201.26"
"03426X0226/PZ3";"2003-12-30";"201.26"
"03426X0226/PZ3";"2003-12-31";"201.24"
"03426X0226/PZ3";"2004-01-01";"201.24"
"03426X0226/PZ3";"2004-01-02";"201.25"
"03426X0226/PZ3";"2004-01-03";"201.21"
"03426X0226/PZ3";"2004-01-04";"201.22"
"03426X0226/PZ3";"2004-01-05";"201.19"
"03426X0226/PZ3";"2004-01-06";"201.19"
"03426X0226/PZ3";"2004-01-07";"201.19"
"03426X0226/PZ3";"2004-01-08";"201.2"
"03426X0226/PZ3";"2004-01-09";"201.19"
"03426X0226/PZ3";"2004-01-10";"201.18"
"03426X0226/PZ3";"2004-01-11";"201.17"
"03426X0226/PZ3";"2004-01-12";"201.19"
"03426X0226/PZ3";"2004-01-13";"201.21"
"03426X0226/PZ3";"2004-01-14";"201.22"
"03426X0226/PZ3";"2004-01-15";"201.22"
"03426X0226/PZ3";"2004-01-16";"201.26"
"03426X0226/PZ3";"2004-01-17";"201.25"
"03426X0226/PZ3";"2004-01-18";"201.26"
"03426X0226/PZ3";"2004-01-19";"201.26"
"03426X0226/PZ3";"2004-01-20";"201.27"
"03426X0226/PZ3";"2004-01-21";"201.25"
"03426X0226/PZ3";"2004-01-22";"201.25"
"03426X0226/PZ3";"2004-01-23";"201.25"
"03426X0226/PZ3";"2004-01-24";"201.26"
"03426X0226/PZ3";"2004-01-25";"201.27"
"03426X0226/PZ3";"2004-01-26";"201.29"
"03426X0226/PZ3";"2004-01-27";"201.28"
"03426X0226/PZ3";"2004-01-28";"201.26"
"03426X0226/PZ3";"2004-01-29";"201.27"
"03426X0226/PZ3";"2004-01-30";"201.25"
"03426X0226/PZ3";"2004-01-31";"201.25"
"03426X0226/PZ3";"2004-02-01";"201.22"
"03426X0226/PZ3";"2004-02-02";"201.22"
"03426X0226/PZ3";"2004-02-03";"201.22"
"03426X0226/PZ3";"2004-02-04";"201.21"
"03426X0226/PZ3";"2004-02-05";"201.21"
"03426X0226/PZ3";"2004-02-06";"201.23"
"03426X0226/PZ3";"2004-02-07";"201.23"
"03426X0226/PZ3";"2004-02-08";"201.23"
"03426X0226/PZ3";"2004-02-09";"201.21"
"03426X0226/PZ3";"2004-02-10";"201.23"
"03426X0226/PZ3";"2004-02-11";"201.23"
"03426X0226/PZ3";"2004-02-12";"201.21"
"03426X0226/PZ3";"2004-02-13";"201.23"
"03426X0226/PZ3";"2004-02-14";"201.23"
"03426X0226/PZ3";"2004-02-15";"201.23"
"03426X0226/PZ3";"2004-02-16";"201.23"
"03426X0226/PZ3";"2004-02-17";"201.23"
"03426X0226/PZ3";"2004-02-18";"201.24"
"03426X0226/PZ3";"2004-02-19";"201.26"
"03426X0226/PZ3";"2004-02-20";"201.25"
"03426X0226/PZ3";"2004-02-21";"201.26"
"03426X0226/PZ3";"2004-02-22";"201.26"
"03426X0226/PZ3";"2004-02-23";"201.24"
"03426X0226/PZ3";"2004-02-24";"201.25"
"03426X0226/PZ3";"2004-02-25";"201.26"
"03426X0226/PZ3";"2004-02-26";"201.26"
"03426X0226/PZ3";"2004-02-27";"201.26"
"03426X0226/PZ3";"2004-02-28";"201.26"
"03426X0226/PZ3";"2004-02-29";"201.23"
"03426X0226/PZ3";"2004-03-01";"201.21"
"03426X0226/PZ3";"2004-03-02";"201.2"
"03426X0226/PZ3";"2004-03-03";"201.18"
"03426X0226/PZ3";"2004-03-04";"201.2"
"03426X0226/PZ3";"2004-03-05";"201.21"
"03426X0226/PZ3";"2004-03-06";"201.21"
"03426X0226/PZ3";"2004-03-07";"201.19"
"03426X0226/PZ3";"2004-03-08";"201.2"
"03426X0226/PZ3";"2004-03-09";"201.2"
"03426X0226/PZ3";"2004-03-10";"201.21"
"03426X0226/PZ3";"2004-03-11";"201.2"
"03426X0226/PZ3";"2004-03-12";"201.2"
"03426X0226/PZ3";"2004-03-13";"201.2"
"03426X0226/PZ3";"2004-03-14";"201.17"
"03426X0226/PZ3";"2004-03-15";"201.17"
"03426X0226/PZ3";"2004-03-16";"201.17"
"03426X0226/PZ3";"2004-03-17";"201.17"
"03426X0226/PZ3";"2004-03-18";"201.18"
"03426X0226/PZ3";"2004-03-19";"201.19"
"03426X0226/PZ3";"2004-03-20";"201.19"
"03426X0226/PZ3";"2004-03-21";"201.2"
"03426X0226/PZ3";"2004-03-22";"201.19"
"03426X0226/PZ3";"2004-03-23";"201.19"
"03426X0226/PZ3";"2004-03-24";"201.19"
"03426X0226/PZ3";"2004-03-25";"201.18"
"03426X0226/PZ3";"2004-03-26";"201.17"
"03426X0226/PZ3";"2004-03-27";"201.18"
"03426X0226/PZ3";"2004-03-28";"201.17"
"03426X0226/PZ3";"2004-03-29";"201.16"
"03426X0226/PZ3";"2004-03-30";"201.17"
"03426X0226/PZ3";"2004-03-31";"201.17"
"03426X0226/PZ3";"2004-04-01";"201.17"
"03426X0226/PZ3";"2004-04-02";"201.16"
"03426X0226/PZ3";"2004-04-03";"201.15"
"03426X0226/PZ3";"2004-04-04";"201.15"
"03426X0226/PZ3";"2004-04-05";"201.15"
"03426X0226/PZ3";"2004-04-06";"201.16"
"03426X0226/PZ3";"2004-04-07";"201.16"
"03426X0226/PZ3";"2004-04-08";"201.14"
"03426X0226/PZ3";"2004-04-09";"201.15"
"03426X0226/PZ3";"2004-04-10";"201.14"
"03426X0226/PZ3";"2004-04-11";"201.13"
"03426X0226/PZ3";"2004-04-12";"201.13"
"03426X0226/PZ3";"2004-04-13";"201.13"
"03426X0226/PZ3";"2004-04-14";"201.13"
"03426X0226/PZ3";"2004-04-15";"201.12"
"03426X0226/PZ3";"2004-04-16";"201.14"
"03426X0226/PZ3";"2004-04-17";"201.14"
"03426X0226/PZ3";"2004-04-18";"201.16"
"03426X0226/PZ3";"2004-04-19";"201.14"
"03426X0226/PZ3";"2004-04-20";"201.13"
"03426X0226/PZ3";"2004-04-21";"201.11"
"03426X0226/PZ3";"2004-04-22";"201.11"
"03426X0226/PZ3";"2004-04-23";"201.1"
"03426X0226/PZ3";"2004-04-24";"201.1"
"03426X0226/PZ3";"2004-04-25";"201.1"
"03426X0226/PZ3";"2004-04-26";"201.1"
"03426X0226/PZ3";"2004-04-27";"201.11"
"03426X0226/PZ3";"2004-04-28";"201.1"
"03426X0226/PZ3";"2004-04-29";"201.12"
"03426X0226/PZ3";"2004-04-30";"201.12"
"03426X0226/PZ3";"2004-05-01";"201.09"
"03426X0226/PZ3";"2004-05-02";"201.09"
"03426X0226/PZ3";"2004-05-03";"201.1"
"03426X0226/PZ3";"2004-05-04";"201.12"
"03426X0226/PZ3";"2004-05-05";"201.12"
"03426X0226/PZ3";"2004-05-06";"201.11"
"03426X0226/PZ3";"2004-05-07";"201.09"
"03426X0226/PZ3";"2004-05-08";"201.09"
"03426X0226/PZ3";"2004-05-09";"201.08"
"03426X0226/PZ3";"2004-05-10";"201.08"
"03426X0226/PZ3";"2004-05-11";"201.07"
"03426X0226/PZ3";"2004-05-12";"201.07"
"03426X0226/PZ3";"2004-05-13";"201.06"
"03426X0226/PZ3";"2004-05-14";"201.06"
"03426X0226/PZ3";"2004-05-15";"201.06"
"03426X0226/PZ3";"2004-05-16";"201.05"
"03426X0226/PZ3";"2004-05-17";"201.05"
"03426X0226/PZ3";"2004-05-18";"201.05"
"03426X0226/PZ3";"2004-05-19";"201.04"
"03426X0226/PZ3";"2004-05-20";"201.05"
"03426X0226/PZ3";"2004-05-21";"201.06"
"03426X0226/PZ3";"2004-05-22";"201.05"
"03426X0226/PZ3";"2004-05-23";"201.05"
"03426X0226/PZ3";"2004-05-24";"201.05"
"03426X0226/PZ3";"2004-05-25";"201.06"
"03426X0226/PZ3";"2004-05-26";"201.06"
"03426X0226/PZ3";"2004-05-27";"201.05"
"03426X0226/PZ3";"2004-05-28";"201.04"
"03426X0226/PZ3";"2004-05-29";"201.04"
"03426X0226/PZ3";"2004-05-30";"201.04"
"03426X0226/PZ3";"2004-05-31";"201.04"
"03426X0226/PZ3";"2004-06-01";"201.05"
"03426X0226/PZ3";"2004-06-02";"201.05"
"03426X0226/PZ3";"2004-06-03";"201.05"
"03426X0226/PZ3";"2004-06-04";"201.07"
"03426X0226/PZ3";"2004-06-05";"201.08"
"03426X0226/PZ3";"2004-06-06";"201.09"
"03426X0226/PZ3";"2004-06-07";"201.09"
"03426X0226/PZ3";"2004-06-08";"201.08"
"03426X0226/PZ3";"2004-06-09";"201.08"
"03426X0226/PZ3";"2004-06-10";"201.08"
"03426X0226/PZ3";"2004-06-11";"201.09"
"03426X0226/PZ3";"2004-06-12";"201.08"
"03426X0226/PZ3";"2004-06-13";"201.07"
"03426X0226/PZ3";"2004-06-14";"201.07"
"03426X0226/PZ3";"2004-06-15";"201.08"
"03426X0226/PZ3";"2004-06-16";"201.09"
"03426X0226/PZ3";"2004-06-17";"201.09"
"03426X0226/PZ3";"2004-06-18";"201.1"
"03426X0226/PZ3";"2004-06-19";"201.09"
"03426X0226/PZ3";"2004-06-20";"201.09"
"03426X0226/PZ3";"2004-06-21";"201.08"
"03426X0226/PZ3";"2004-06-22";"201.07"
"03426X0226/PZ3";"2004-06-23";"201.08"
"03426X0226/PZ3";"2004-06-24";"201.06"
"03426X0226/PZ3";"2004-06-25";"201.06"
"03426X0226/PZ3";"2004-06-26";"201.05"
"03426X0226/PZ3";"2004-06-27";"201.05"
"03426X0226/PZ3";"2004-06-28";"201.04"
"03426X0226/PZ3";"2004-06-29";"201.04"
"03426X0226/PZ3";"2004-06-30";"201.05"
"03426X0226/PZ3";"2004-07-01";"201.05"
"03426X0226/PZ3";"2004-07-02";"201.04"
"03426X0226/PZ3";"2004-07-03";"201.03"
"03426X0226/PZ3";"2004-07-04";"201.03"
"03426X0226/PZ3";"2004-07-05";"201.03"
"03426X0226/PZ3";"2004-07-06";"201.03"
"03426X0226/PZ3";"2004-07-07";"201.05"
"03426X0226/PZ3";"2004-07-08";"201.05"
"03426X0226/PZ3";"2004-07-09";"201.05"
"03426X0226/PZ3";"2004-07-10";"201.06"
"03426X0226/PZ3";"2004-07-11";"201.07"
"03426X0226/PZ3";"2004-07-12";"201.07"
"03426X0226/PZ3";"2004-07-13";"201.08"
"03426X0226/PZ3";"2004-07-14";"201.07"
"03426X0226/PZ3";"2004-07-15";"201.07"
"03426X0226/PZ3";"2004-07-16";"201.08"
"03426X0226/PZ3";"2004-07-17";"201.08"
"03426X0226/PZ3";"2004-07-18";"201.07"
"03426X0226/PZ3";"2004-07-19";"201.07"
"03426X0226/PZ3";"2004-07-20";"201.08"
"03426X0226/PZ3";"2004-07-21";"201.07"
"03426X0226/PZ3";"2004-07-22";"201.08"
"03426X0226/PZ3";"2004-07-23";"201.08"
"03426X0226/PZ3";"2004-07-24";"201.08"
"03426X0226/PZ3";"2004-07-25";"201.1"
"03426X0226/PZ3";"2004-07-26";"201.11"
"03426X0226/PZ3";"2004-07-27";"201.11"
"03426X0226/PZ3";"2004-07-28";"201.11"
"03426X0226/PZ3";"2004-07-29";"201.12"
"03426X0226/PZ3";"2004-07-30";"201.12"
"03426X0226/PZ3";"2004-07-31";"201.11"
"03426X0226/PZ3";"2004-08-01";"201.12"
"03426X0226/PZ3";"2004-08-02";"201.12"
"03426X0226/PZ3";"2004-08-03";"201.12"
"03426X0226/PZ3";"2004-08-04";"201.12"
"03426X0226/PZ3";"2004-08-05";"201.12"
"03426X0226/PZ3";"2004-08-06";"201.11"
"03426X0226/PZ3";"2004-08-07";"201.11"
"03426X0226/PZ3";"2004-08-08";"201.11"
"03426X0226/PZ3";"2004-08-09";"201.11"
"03426X0226/PZ3";"2004-08-10";"201.11"
"03426X0226/PZ3";"2004-08-11";"201.11"
"03426X0226/PZ3";"2004-08-12";"201.12"
"03426X0226/PZ3";"2004-08-13";"201.12"
"03426X0226/PZ3";"2004-08-14";"201.12"
"03426X0226/PZ3";"2004-08-15";"201.12"
"03426X0226/PZ3";"2004-08-16";"201.13"
"03426X0226/PZ3";"2004-08-17";"201.14"
"03426X0226/PZ3";"2004-08-18";"201.14"
"03426X0226/PZ3";"2004-08-19";"201.15"
"03426X0226/PZ3";"2004-08-20";"201.16"
"03426X0226/PZ3";"2004-08-21";"201.16"
"03426X0226/PZ3";"2004-08-22";"201.16"
"03426X0226/PZ3";"2004-08-23";"201.17"
"03426X0226/PZ3";"2004-08-24";"201.19"
"03426X0226/PZ3";"2004-08-25";"201.2"
"03426X0226/PZ3";"2004-08-26";"201.21"
"03426X0226/PZ3";"2004-08-27";"201.22"
"03426X0226/PZ3";"2004-08-28";"201.22"
"03426X0226/PZ3";"2004-08-29";"201.22"
"03426X0226/PZ3";"2004-08-30";"201.23"
"03426X0226/PZ3";"2004-08-31";"201.23"
"03426X0226/PZ3";"2004-09-01";"201.23"
"03426X0226/PZ3";"2004-09-02";"201.23"
"03426X0226/PZ3";"2004-09-03";"201.22"
"03426X0226/PZ3";"2004-09-04";"201.22"
"03426X0226/PZ3";"2004-09-05";"201.22"
"03426X0226/PZ3";"2004-09-06";"201.22"
"03426X0226/PZ3";"2004-09-07";"201.22"
"03426X0226/PZ3";"2004-09-08";"201.21"
"03426X0226/PZ3";"2004-09-09";"201.21"
"03426X0226/PZ3";"2004-09-10";"201.22"
"03426X0226/PZ3";"2004-09-11";"201.22"
"03426X0226/PZ3";"2004-09-12";"201.22"
"03426X0226/PZ3";"2004-09-13";"201.22"
"03426X0226/PZ3";"2004-09-14";"201.22"
"03426X0226/PZ3";"2004-09-15";"201.21"
"03426X0226/PZ3";"2004-09-16";"201.19"
"03426X0226/PZ3";"2004-09-17";"201.2"
"03426X0226/PZ3";"2004-09-18";"201.2"
"03426X0226/PZ3";"2004-09-19";"201.21"
"03426X0226/PZ3";"2004-09-20";"201.21"
"03426X0226/PZ3";"2004-09-21";"201.2"
"03426X0226/PZ3";"2004-09-22";"201.2"
"03426X0226/PZ3";"2004-09-23";"201.23"
"03426X0226/PZ3";"2004-09-24";"201.21"
"03426X0226/PZ3";"2004-09-25";"201.2"
"03426X0226/PZ3";"2004-09-26";"201.2"
"03426X0226/PZ3";"2004-09-27";"201.2"
"03426X0226/PZ3";"2004-09-28";"201.21"
"03426X0226/PZ3";"2004-09-29";"201.21"
"03426X0226/PZ3";"2004-09-30";"201.21"
"03426X0226/PZ3";"2004-10-01";"201.2"
"03426X0226/PZ3";"2004-10-02";"201.21"
"03426X0226/PZ3";"2004-10-03";"201.2"
"03426X0226/PZ3";"2004-10-04";"201.22"
"03426X0226/PZ3";"2004-10-05";"201.22"
"03426X0226/PZ3";"2004-10-06";"201.21"
"03426X0226/PZ3";"2004-10-07";"201.21"
"03426X0226/PZ3";"2004-10-08";"201.22"
"03426X0226/PZ3";"2004-10-09";"201.23"
"03426X0226/PZ3";"2004-10-10";"201.25"
"03426X0226/PZ3";"2004-10-11";"201.28"
"03426X0226/PZ3";"2004-10-12";"201.3"
"03426X0226/PZ3";"2004-10-13";"201.31"
"03426X0226/PZ3";"2004-10-14";"201.33"
"03426X0226/PZ3";"2004-10-15";"201.35"
"03426X0226/PZ3";"2004-10-16";"201.36"
"03426X0226/PZ3";"2004-10-17";"201.36"
"03426X0226/PZ3";"2004-10-18";"201.37"
"03426X0226/PZ3";"2004-10-19";"201.39"
"03426X0226/PZ3";"2004-10-20";"201.4"
"03426X0226/PZ3";"2004-10-21";"201.39"
"03426X0226/PZ3";"2004-10-22";"201.39"
"03426X0226/PZ3";"2004-10-23";"201.4"
"03426X0226/PZ3";"2004-10-24";"201.41"
"03426X0226/PZ3";"2004-10-25";"201.42"
"03426X0226/PZ3";"2004-10-26";"201.45"
"03426X0226/PZ3";"2004-10-27";"201.51"
"03426X0226/PZ3";"2004-10-28";"201.53"
"03426X0226/PZ3";"2004-10-29";"201.55"
"03426X0226/PZ3";"2004-10-30";"201.55"
"03426X0226/PZ3";"2004-10-31";"201.58"
"03426X0226/PZ3";"2004-11-01";"201.6"
"03426X0226/PZ3";"2004-11-02";"201.61"
"03426X0226/PZ3";"2004-11-03";"201.63"
"03426X0226/PZ3";"2004-11-04";"201.63"
"03426X0226/PZ3";"2004-11-05";"201.63"
"03426X0226/PZ3";"2004-11-06";"201.65"
"03426X0226/PZ3";"2004-11-07";"201.67"
"03426X0226/PZ3";"2004-11-08";"201.69"
"03426X0226/PZ3";"2004-11-09";"201.71"
"03426X0226/PZ3";"2004-11-10";"201.71"
"03426X0226/PZ3";"2004-11-11";"201.71"
"03426X0226/PZ3";"2004-11-12";"201.71"
"03426X0226/PZ3";"2004-11-13";"201.71"
"03426X0226/PZ3";"2004-11-14";"201.72"
"03426X0226/PZ3";"2004-11-15";"201.73"
"03426X0226/PZ3";"2004-11-16";"201.73"
"03426X0226/PZ3";"2004-11-17";"201.74"
"03426X0226/PZ3";"2004-11-18";"201.79"
"03426X0226/PZ3";"2004-11-19";"201.79"
"03426X0226/PZ3";"2004-11-20";"201.76"
"03426X0226/PZ3";"2004-11-21";"201.77"
"03426X0226/PZ3";"2004-11-22";"201.77"
"03426X0226/PZ3";"2004-11-23";"201.78"
"03426X0226/PZ3";"2004-11-24";"201.77"
"03426X0226/PZ3";"2004-11-25";"201.78"
"03426X0226/PZ3";"2004-11-26";"201.78"
"03426X0226/PZ3";"2004-11-27";"201.77"
"03426X0226/PZ3";"2004-11-28";"201.8"
"03426X0226/PZ3";"2004-11-29";"201.8"
"03426X0226/PZ3";"2004-11-30";"201.81"
"03426X0226/PZ3";"2004-12-01";"201.81"
"03426X0226/PZ3";"2004-12-02";"201.8"
"03426X0226/PZ3";"2004-12-03";"201.78"
"03426X0226/PZ3";"2004-12-04";"201.76"
"03426X0226/PZ3";"2004-12-05";"201.77"
"03426X0226/PZ3";"2004-12-06";"201.77"
"03426X0226/PZ3";"2004-12-07";"201.77"
"03426X0226/PZ3";"2004-12-08";"201.78"
"03426X0226/PZ3";"2004-12-09";"201.78"
"03426X0226/PZ3";"2004-12-10";"201.78"
"03426X0226/PZ3";"2004-12-11";"201.77"
"03426X0226/PZ3";"2004-12-12";"201.77"
"03426X0226/PZ3";"2004-12-13";"201.78"
"03426X0226/PZ3";"2004-12-14";"201.78"
"03426X0226/PZ3";"2004-12-15";"201.8"
"03426X0226/PZ3";"2004-12-16";"201.84"
"03426X0226/PZ3";"2004-12-17";"201.86"
"03426X0226/PZ3";"2004-12-18";"201.83"
"03426X0226/PZ3";"2004-12-19";"201.86"
"03426X0226/PZ3";"2004-12-20";"201.82"
"03426X0226/PZ3";"2004-12-21";"201.83"
"03426X0226/PZ3";"2004-12-22";"201.85"
"03426X0226/PZ3";"2004-12-23";"201.85"
"03426X0226/PZ3";"2004-12-24";"201.85"
"03426X0226/PZ3";"2004-12-25";"201.86"
"03426X0226/PZ3";"2004-12-26";"201.87"
"03426X0226/PZ3";"2004-12-27";"201.83"
"03426X0226/PZ3";"2004-12-28";"201.86"
"03426X0226/PZ3";"2004-12-29";"201.82"
"03426X0226/PZ3";"2004-12-30";"201.81"
"03426X0226/PZ3";"2004-12-31";"201.8"
"03426X0226/PZ3";"2005-01-01";"201.81"
"03426X0226/PZ3";"2005-01-02";"201.81"
"03426X0226/PZ3";"2005-01-03";"201.8"
"03426X0226/PZ3";"2005-01-04";"201.8"
"03426X0226/PZ3";"2005-01-05";"201.8"
"03426X0226/PZ3";"2005-01-06";"201.8"
"03426X0226/PZ3";"2005-01-07";"201.8"
"03426X0226/PZ3";"2005-01-08";"201.82"
"03426X0226/PZ3";"2005-01-09";"201.79"
"03426X0226/PZ3";"2005-01-10";"201.79"
"03426X0226/PZ3";"2005-01-11";"201.79"
"03426X0226/PZ3";"2005-01-12";"201.8"
"03426X0226/PZ3";"2005-01-13";"201.78"
"03426X0226/PZ3";"2005-01-14";"201.78"
"03426X0226/PZ3";"2005-01-15";"201.79"
"03426X0226/PZ3";"2005-01-16";"201.78"
"03426X0226/PZ3";"2005-01-17";"201.8"
"03426X0226/PZ3";"2005-01-18";"201.84"
"03426X0226/PZ3";"2005-01-19";"201.81"
"03426X0226/PZ3";"2005-01-20";"201.8"
"03426X0226/PZ3";"2005-01-21";"201.8"
"03426X0226/PZ3";"2005-01-22";"201.78"
"03426X0226/PZ3";"2005-01-23";"201.79"
"03426X0226/PZ3";"2005-01-24";"201.8"
"03426X0226/PZ3";"2005-01-25";"201.79"
"03426X0226/PZ3";"2005-01-26";"201.78"
"03426X0226/PZ3";"2005-01-27";"201.78"
"03426X0226/PZ3";"2005-01-28";"201.79"
"03426X0226/PZ3";"2005-01-29";"201.78"
"03426X0226/PZ3";"2005-01-30";"201.74"
"03426X0226/PZ3";"2005-01-31";"201.75"
"03426X0226/PZ3";"2005-02-01";"201.76"
"03426X0226/PZ3";"2005-02-02";"201.73"
"03426X0226/PZ3";"2005-02-03";"201.73"
"03426X0226/PZ3";"2005-02-04";"201.73"
"03426X0226/PZ3";"2005-02-05";"201.75"
"03426X0226/PZ3";"2005-02-06";"201.73"
"03426X0226/PZ3";"2005-02-07";"201.72"
"03426X0226/PZ3";"2005-02-08";"201.71"
"03426X0226/PZ3";"2005-02-09";"201.71"
"03426X0226/PZ3";"2005-02-10";"201.7"
"03426X0226/PZ3";"2005-02-11";"201.73"
"03426X0226/PZ3";"2005-02-12";"201.74"
"03426X0226/PZ3";"2005-02-13";"201.75"
"03426X0226/PZ3";"2005-02-14";"201.74"
"03426X0226/PZ3";"2005-02-15";"201.75"
"03426X0226/PZ3";"2005-02-16";"201.72"
"03426X0226/PZ3";"2005-02-17";"201.71"
"03426X0226/PZ3";"2005-02-18";"201.71"
"03426X0226/PZ3";"2005-02-19";"201.74"
"03426X0226/PZ3";"2005-02-20";"201.74"
"03426X0226/PZ3";"2005-02-21";"201.73"
"03426X0226/PZ3";"2005-02-22";"201.74"
"03426X0226/PZ3";"2005-02-23";"201.73"
"03426X0226/PZ3";"2005-02-24";"201.71"
"03426X0226/PZ3";"2005-02-25";"201.72"
"03426X0226/PZ3";"2005-02-26";"201.71"
"03426X0226/PZ3";"2005-02-27";"201.71"
"03426X0226/PZ3";"2005-02-28";"201.69"
"03426X0226/PZ3";"2005-03-01";"201.71"
"03426X0226/PZ3";"2005-03-02";"201.71"
"03426X0226/PZ3";"2005-03-03";"201.7"
"03426X0226/PZ3";"2005-03-04";"201.69"
"03426X0226/PZ3";"2005-03-05";"201.69"
"03426X0226/PZ3";"2005-03-06";"201.66"
"03426X0226/PZ3";"2005-03-07";"201.65"
"03426X0226/PZ3";"2005-03-08";"201.64"
"03426X0226/PZ3";"2005-03-09";"201.64"
"03426X0226/PZ3";"2005-03-10";"201.64"
"03426X0226/PZ3";"2005-03-11";"201.66"
"03426X0226/PZ3";"2005-03-12";"201.67"
"03426X0226/PZ3";"2005-03-13";"201.64"
"03426X0226/PZ3";"2005-03-14";"201.64"
"03426X0226/PZ3";"2005-03-15";"201.62"
"03426X0226/PZ3";"2005-03-16";"201.61"
"03426X0226/PZ3";"2005-03-17";"201.61"
"03426X0226/PZ3";"2005-03-18";"201.61"
"03426X0226/PZ3";"2005-03-19";"201.62"
"03426X0226/PZ3";"2005-03-20";"201.62"
"03426X0226/PZ3";"2005-03-21";"201.63"
"03426X0226/PZ3";"2005-03-22";"201.63"
"03426X0226/PZ3";"2005-03-23";"201.62"
"03426X0226/PZ3";"2005-03-24";"201.61"
"03426X0226/PZ3";"2005-03-25";"201.62"
"03426X0226/PZ3";"2005-03-26";"201.63"
"03426X0226/PZ3";"2005-03-27";"201.64"
"03426X0226/PZ3";"2005-03-28";"201.63"
"03426X0226/PZ3";"2005-03-29";"201.63"
"03426X0226/PZ3";"2005-03-30";"201.63"
"03426X0226/PZ3";"2005-03-31";"201.62"
"03426X0226/PZ3";"2005-04-01";"201.61"
"03426X0226/PZ3";"2005-04-02";"201.62"
"03426X0226/PZ3";"2005-04-03";"201.61"
"03426X0226/PZ3";"2005-04-04";"201.61"
"03426X0226/PZ3";"2005-04-05";"201.6"
"03426X0226/PZ3";"2005-04-06";"201.62"
"03426X0226/PZ3";"2005-04-07";"201.63"
"03426X0226/PZ3";"2005-04-08";"201.63"
"03426X0226/PZ3";"2005-04-09";"201.62"
"03426X0226/PZ3";"2005-04-10";"201.59"
"03426X0226/PZ3";"2005-04-11";"201.61"
"03426X0226/PZ3";"2005-04-12";"201.61"
"03426X0226/PZ3";"2005-04-13";"201.62"
"03426X0226/PZ3";"2005-04-14";"201.62"
"03426X0226/PZ3";"2005-04-15";"201.62"
"03426X0226/PZ3";"2005-04-16";"201.63"
"03426X0226/PZ3";"2005-04-17";"201.61"
"03426X0226/PZ3";"2005-04-18";"201.61"
"03426X0226/PZ3";"2005-04-19";"201.61"
"03426X0226/PZ3";"2005-04-20";"201.6"
"03426X0226/PZ3";"2005-04-21";"201.6"
"03426X0226/PZ3";"2005-04-22";"201.61"
"03426X0226/PZ3";"2005-04-23";"201.61"
"03426X0226/PZ3";"2005-04-24";"201.61"
"03426X0226/PZ3";"2005-04-25";"201.62"
"03426X0226/PZ3";"2005-04-26";"201.59"
"03426X0226/PZ3";"2005-04-27";"201.59"
"03426X0226/PZ3";"2005-04-28";"201.58"
"03426X0226/PZ3";"2005-04-29";"201.58"
"03426X0226/PZ3";"2005-04-30";"201.58"
"03426X0226/PZ3";"2005-05-01";"201.58"
"03426X0226/PZ3";"2005-05-02";"201.58"
"03426X0226/PZ3";"2005-05-03";"201.57"
"03426X0226/PZ3";"2005-05-04";"201.57"
"03426X0226/PZ3";"2005-05-05";"201.56"
"03426X0226/PZ3";"2005-05-06";"201.56"
"03426X0226/PZ3";"2005-05-07";"201.58"
"03426X0226/PZ3";"2005-05-08";"201.57"
"03426X0226/PZ3";"2005-05-09";"201.57"
"03426X0226/PZ3";"2005-05-10";"201.56"
"03426X0226/PZ3";"2005-05-11";"201.55"
"03426X0226/PZ3";"2005-05-12";"201.56"
"03426X0226/PZ3";"2005-05-13";"201.57"
"03426X0226/PZ3";"2005-05-14";"201.57"
"03426X0226/PZ3";"2005-05-15";"201.55"
"03426X0226/PZ3";"2005-05-16";"201.56"
"03426X0226/PZ3";"2005-05-17";"201.56"
"03426X0226/PZ3";"2005-05-18";"201.56"
"03426X0226/PZ3";"2005-05-19";"201.55"
"03426X0226/PZ3";"2005-05-20";"201.56"
"03426X0226/PZ3";"2005-05-21";"201.56"
"03426X0226/PZ3";"2005-05-22";"201.56"
"03426X0226/PZ3";"2005-05-23";"201.56"
"03426X0226/PZ3";"2005-05-24";"201.54"
"03426X0226/PZ3";"2005-05-25";"201.55"
"03426X0226/PZ3";"2005-05-26";"201.55"
"03426X0226/PZ3";"2005-05-27";"201.56"
"03426X0226/PZ3";"2005-05-28";"201.55"
"03426X0226/PZ3";"2005-05-29";"201.55"
"03426X0226/PZ3";"2005-05-30";"201.55"
"03426X0226/PZ3";"2005-05-31";"201.53"
"03426X0226/PZ3";"2005-06-01";"201.54"
"03426X0226/PZ3";"2005-06-02";"201.54"
"03426X0226/PZ3";"2005-06-03";"201.55"
"03426X0226/PZ3";"2005-06-09";"201.52"
"03426X0226/PZ3";"2005-06-10";"201.52"
"03426X0226/PZ3";"2005-06-11";"201.52"
"03426X0226/PZ3";"2005-06-12";"201.52"
"03426X0226/PZ3";"2005-06-13";"201.52"
"03426X0226/PZ3";"2005-06-14";"201.51"
"03426X0226/PZ3";"2005-06-15";"201.51"
"03426X0226/PZ3";"2005-06-16";"201.51"
"03426X0226/PZ3";"2005-06-17";"201.5"
"03426X0226/PZ3";"2005-06-18";"201.51"
"03426X0226/PZ3";"2005-06-19";"201.51"
"03426X0226/PZ3";"2005-06-20";"201.51"
"03426X0226/PZ3";"2005-06-21";"201.51"
"03426X0226/PZ3";"2005-06-22";"201.51"
"03426X0226/PZ3";"2005-06-23";"201.51"
"03426X0226/PZ3";"2005-06-24";"201.51"
"03426X0226/PZ3";"2005-06-25";"201.51"
"03426X0226/PZ3";"2005-06-26";"201.5"
"03426X0226/PZ3";"2005-06-27";"201.51"
"03426X0226/PZ3";"2005-06-28";"201.51"
"03426X0226/PZ3";"2005-06-29";"201.51"
"03426X0226/PZ3";"2005-06-30";"201.51"
"03426X0226/PZ3";"2005-07-01";"201.52"
"03426X0226/PZ3";"2005-07-02";"201.51"
"03426X0226/PZ3";"2005-07-03";"201.52"
"03426X0226/PZ3";"2005-07-04";"201.52"
"03426X0226/PZ3";"2005-07-05";"201.52"
"03426X0226/PZ3";"2005-07-06";"201.52"
"03426X0226/PZ3";"2005-07-07";"201.52"
"03426X0226/PZ3";"2005-07-08";"201.51"
"03426X0226/PZ3";"2005-07-09";"201.51"
"03426X0226/PZ3";"2005-07-10";"201.51"
"03426X0226/PZ3";"2005-07-11";"201.51"
"03426X0226/PZ3";"2005-07-12";"201.51"
"03426X0226/PZ3";"2005-07-13";"201.51"
"03426X0226/PZ3";"2005-07-14";"201.51"
"03426X0226/PZ3";"2005-07-15";"201.52"
"03426X0226/PZ3";"2005-07-16";"201.52"
"03426X0226/PZ3";"2005-07-17";"201.52"
"03426X0226/PZ3";"2005-07-18";"201.52"
"03426X0226/PZ3";"2005-07-19";"201.51"
"03426X0226/PZ3";"2005-07-20";"201.51"
"03426X0226/PZ3";"2005-07-21";"201.52"
"03426X0226/PZ3";"2005-07-22";"201.52"
"03426X0226/PZ3";"2005-07-23";"201.53"
"03426X0226/PZ3";"2005-07-24";"201.53"
"03426X0226/PZ3";"2005-07-25";"201.53"
"03426X0226/PZ3";"2005-07-26";"201.54"
"03426X0226/PZ3";"2005-07-27";"201.54"
"03426X0226/PZ3";"2005-07-28";"201.54"
"03426X0226/PZ3";"2005-07-29";"201.54"
"03426X0226/PZ3";"2005-07-30";"201.54"
"03426X0226/PZ3";"2005-07-31";"201.55"
"03426X0226/PZ3";"2005-08-01";"201.55"
"03426X0226/PZ3";"2005-08-02";"201.56"
"03426X0226/PZ3";"2005-08-03";"201.56"
"03426X0226/PZ3";"2005-08-04";"201.56"
"03426X0226/PZ3";"2005-08-05";"201.56"
"03426X0226/PZ3";"2005-08-06";"201.56"
"03426X0226/PZ3";"2005-08-07";"201.57"
"03426X0226/PZ3";"2005-08-08";"201.57"
"03426X0226/PZ3";"2005-08-09";"201.58"
"03426X0226/PZ3";"2005-08-10";"201.58"
"03426X0226/PZ3";"2005-08-11";"201.58"
"03426X0226/PZ3";"2005-08-12";"201.58"
"03426X0226/PZ3";"2005-08-13";"201.57"
"03426X0226/PZ3";"2005-08-14";"201.58"
"03426X0226/PZ3";"2005-08-15";"201.57"
"03426X0226/PZ3";"2005-08-16";"201.59"
"03426X0226/PZ3";"2005-08-17";"201.59"
"03426X0226/PZ3";"2005-08-18";"201.59"
"03426X0226/PZ3";"2005-08-19";"201.59"
"03426X0226/PZ3";"2005-08-20";"201.59"
"03426X0226/PZ3";"2005-08-21";"201.59"
"03426X0226/PZ3";"2005-08-22";"201.59"
"03426X0226/PZ3";"2005-08-23";"201.59"
"03426X0226/PZ3";"2005-08-24";"201.6"
"03426X0226/PZ3";"2005-08-25";"201.6"
"03426X0226/PZ3";"2005-08-26";"201.59"
"03426X0226/PZ3";"2005-08-27";"201.59"
"03426X0226/PZ3";"2005-08-28";"201.59"
"03426X0226/PZ3";"2005-08-29";"201.59"
"03426X0226/PZ3";"2005-08-30";"201.59"
"03426X0226/PZ3";"2005-08-31";"201.59"
"03426X0226/PZ3";"2005-09-01";"201.6"
"03426X0226/PZ3";"2005-09-02";"201.6"
"03426X0226/PZ3";"2005-09-03";"201.6"
"03426X0226/PZ3";"2005-09-04";"201.6"
"03426X0226/PZ3";"2005-09-05";"201.6"
"03426X0226/PZ3";"2005-09-06";"201.6"
"03426X0226/PZ3";"2005-09-07";"201.6"
"03426X0226/PZ3";"2005-09-08";"201.6"
"03426X0226/PZ3";"2005-09-09";"201.61"
"03426X0226/PZ3";"2005-09-10";"201.61"
"03426X0226/PZ3";"2005-09-11";"201.62"
"03426X0226/PZ3";"2005-09-12";"201.63"
"03426X0226/PZ3";"2005-09-13";"201.63"
"03426X0226/PZ3";"2005-09-14";"201.63"
"03426X0226/PZ3";"2005-09-15";"201.64"
"03426X0226/PZ3";"2005-09-16";"201.64"
"03426X0226/PZ3";"2005-09-17";"201.65"
"03426X0226/PZ3";"2005-09-18";"201.65"
"03426X0226/PZ3";"2005-09-19";"201.65"
"03426X0226/PZ3";"2005-09-20";"201.65"
"03426X0226/PZ3";"2005-09-21";"201.65"
"03426X0226/PZ3";"2005-09-22";"201.65"
"03426X0226/PZ3";"2005-09-23";"201.65"
"03426X0226/PZ3";"2005-09-24";"201.65"
"03426X0226/PZ3";"2005-09-25";"201.66"
"03426X0226/PZ3";"2005-09-26";"201.65"
"03426X0226/PZ3";"2005-09-27";"201.65"
"03426X0226/PZ3";"2005-09-28";"201.65"
"03426X0226/PZ3";"2005-09-29";"201.65"
"03426X0226/PZ3";"2005-09-30";"201.64"
"03426X0226/PZ3";"2005-10-01";"201.65"
"03426X0226/PZ3";"2005-10-02";"201.65"
"03426X0226/PZ3";"2005-10-03";"201.65"
"03426X0226/PZ3";"2005-10-04";"201.66"
"03426X0226/PZ3";"2005-10-05";"201.67"
"03426X0226/PZ3";"2005-10-06";"201.68"
"03426X0226/PZ3";"2005-10-07";"201.68"
"03426X0226/PZ3";"2005-10-08";"201.68"
"03426X0226/PZ3";"2005-10-09";"201.68"
"03426X0226/PZ3";"2005-10-10";"201.69"
"03426X0226/PZ3";"2005-10-11";"201.68"
"03426X0226/PZ3";"2005-10-12";"201.68"
"03426X0226/PZ3";"2005-10-13";"201.69"
"03426X0226/PZ3";"2005-10-14";"201.68"
"03426X0226/PZ3";"2005-10-15";"201.68"
"03426X0226/PZ3";"2005-10-16";"201.68"
"03426X0226/PZ3";"2005-10-17";"201.68"
"03426X0226/PZ3";"2005-10-18";"201.68"
"03426X0226/PZ3";"2005-10-19";"201.68"
"03426X0226/PZ3";"2005-10-20";"201.68"
"03426X0226/PZ3";"2005-10-21";"201.68"
"03426X0226/PZ3";"2005-10-22";"201.68"
"03426X0226/PZ3";"2005-10-23";"201.68"
"03426X0226/PZ3";"2005-10-24";"201.67"
"03426X0226/PZ3";"2005-10-25";"201.67"
"03426X0226/PZ3";"2005-10-26";"201.67"
"03426X0226/PZ3";"2005-10-27";"201.67"
"03426X0226/PZ3";"2005-10-28";"201.66"
"03426X0226/PZ3";"2005-10-29";"201.66"
"03426X0226/PZ3";"2005-10-30";"201.66"
"03426X0226/PZ3";"2005-10-31";"201.66"
"03426X0226/PZ3";"2005-11-01";"201.66"
"03426X0226/PZ3";"2005-11-02";"201.66"
"03426X0226/PZ3";"2005-11-03";"201.66"
"03426X0226/PZ3";"2005-11-04";"201.66"
"03426X0226/PZ3";"2005-11-05";"201.65"
"03426X0226/PZ3";"2005-11-06";"201.65"
"03426X0226/PZ3";"2005-11-07";"201.65"
"03426X0226/PZ3";"2005-11-08";"201.64"
"03426X0226/PZ3";"2005-11-09";"201.63"
"03426X0226/PZ3";"2005-11-10";"201.62"
"03426X0226/PZ3";"2005-11-11";"201.61"
"03426X0226/PZ3";"2005-11-12";"201.62"
"03426X0226/PZ3";"2005-11-13";"201.6"
"03426X0226/PZ3";"2005-11-14";"201.6"
"03426X0226/PZ3";"2005-11-15";"201.59"
"03426X0226/PZ3";"2005-11-16";"201.59"
"03426X0226/PZ3";"2005-11-17";"201.58"
"03426X0226/PZ3";"2005-11-18";"201.58"
"03426X0226/PZ3";"2005-11-19";"201.57"
"03426X0226/PZ3";"2005-11-20";"201.56"
"03426X0226/PZ3";"2005-11-21";"201.56"
"03426X0226/PZ3";"2005-11-22";"201.54"
"03426X0226/PZ3";"2005-11-23";"201.54"
"03426X0226/PZ3";"2005-11-24";"201.54"
"03426X0226/PZ3";"2005-11-25";"201.55"
"03426X0226/PZ3";"2005-11-26";"201.53"
"03426X0226/PZ3";"2005-11-27";"201.52"
"03426X0226/PZ3";"2005-11-28";"201.51"
"03426X0226/PZ3";"2005-11-29";"201.5"
"03426X0226/PZ3";"2005-11-30";"201.49"
"03426X0226/PZ3";"2005-12-01";"201.49"
"03426X0226/PZ3";"2005-12-02";"201.48"
"03426X0226/PZ3";"2005-12-03";"201.48"
"03426X0226/PZ3";"2005-12-04";"201.46"
"03426X0226/PZ3";"2005-12-05";"201.45"
"03426X0226/PZ3";"2005-12-06";"201.46"
"03426X0226/PZ3";"2005-12-07";"201.44"
"03426X0226/PZ3";"2005-12-08";"201.43"
"03426X0226/PZ3";"2005-12-09";"201.42"
"03426X0226/PZ3";"2005-12-10";"201.4"
"03426X0226/PZ3";"2005-12-11";"201.4"
"03426X0226/PZ3";"2005-12-12";"201.39"
"03426X0226/PZ3";"2005-12-13";"201.39"
"03426X0226/PZ3";"2005-12-14";"201.38"
"03426X0226/PZ3";"2005-12-15";"201.38"
"03426X0226/PZ3";"2005-12-16";"201.37"
"03426X0226/PZ3";"2005-12-17";"201.35"
"03426X0226/PZ3";"2005-12-18";"201.33"
"03426X0226/PZ3";"2005-12-19";"201.32"
"03426X0226/PZ3";"2005-12-20";"201.31"
"03426X0226/PZ3";"2005-12-21";"201.31"
"03426X0226/PZ3";"2005-12-22";"201.31"
"03426X0226/PZ3";"2005-12-23";"201.3"
"03426X0226/PZ3";"2005-12-24";"201.3"
"03426X0226/PZ3";"2005-12-25";"201.29"
"03426X0226/PZ3";"2005-12-26";"201.29"
"03426X0226/PZ3";"2005-12-27";"201.28"
"03426X0226/PZ3";"2005-12-28";"201.28"
"03426X0226/PZ3";"2005-12-29";"201.26"
"03426X0226/PZ3";"2005-12-30";"201.25"
"03426X0226/PZ3";"2005-12-31";"201.25"
"03426X0226/PZ3";"2006-01-01";"201.24"
"03426X0226/PZ3";"2006-01-02";"201.23"
"03426X0226/PZ3";"2006-01-03";"201.22"
"03426X0226/PZ3";"2006-01-04";"201.21"
"03426X0226/PZ3";"2006-01-05";"201.21"
"03426X0226/PZ3";"2006-01-06";"201.19"
"03426X0226/PZ3";"2006-01-07";"201.19"
"03426X0226/PZ3";"2006-01-08";"201.17"
"03426X0226/PZ3";"2006-01-09";"201.17"
"03426X0226/PZ3";"2006-01-10";"201.15"
"03426X0226/PZ3";"2006-01-11";"201.15"
"03426X0226/PZ3";"2006-01-12";"201.14"
"03426X0226/PZ3";"2006-01-13";"201.13"
"03426X0226/PZ3";"2006-01-14";"201.12"
"03426X0226/PZ3";"2006-01-15";"201.13"
"03426X0226/PZ3";"2006-01-16";"201.11"
"03426X0226/PZ3";"2006-01-17";"201.11"
"03426X0226/PZ3";"2006-01-18";"201.1"
"03426X0226/PZ3";"2006-01-19";"201.09"
"03426X0226/PZ3";"2006-01-20";"201.08"
"03426X0226/PZ3";"2006-01-21";"201.07"
"03426X0226/PZ3";"2006-01-22";"201.06"
"03426X0226/PZ3";"2006-01-23";"201.06"
"03426X0226/PZ3";"2006-01-24";"201.04"
"03426X0226/PZ3";"2006-01-25";"201.05"
"03426X0226/PZ3";"2006-01-26";"201.04"
"03426X0226/PZ3";"2006-01-27";"201.03"
"03426X0226/PZ3";"2006-01-28";"201.02"
"03426X0226/PZ3";"2006-01-29";"201.01"
"03426X0226/PZ3";"2006-01-30";"201.0"
"03426X0226/PZ3";"2006-01-31";"201.0"
"03426X0226/PZ3";"2006-02-01";"200.98"
"03426X0226/PZ3";"2006-02-02";"200.97"
"03426X0226/PZ3";"2006-02-03";"200.96"
"03426X0226/PZ3";"2006-02-04";"200.94"
"03426X0226/PZ3";"2006-02-05";"200.93"
"03426X0226/PZ3";"2006-02-06";"200.92"
"03426X0226/PZ3";"2006-02-07";"200.91"
"03426X0226/PZ3";"2006-02-08";"200.89"
"03426X0226/PZ3";"2006-02-09";"200.89"
"03426X0226/PZ3";"2006-02-10";"200.89"
"03426X0226/PZ3";"2006-02-11";"200.89"
"03426X0226/PZ3";"2006-02-12";"200.89"
"03426X0226/PZ3";"2006-02-13";"200.9"
"03426X0226/PZ3";"2006-02-14";"200.9"
"03426X0226/PZ3";"2006-02-15";"200.91"
"03426X0226/PZ3";"2006-02-16";"200.91"
"03426X0226/PZ3";"2006-02-17";"200.91"
"03426X0226/PZ3";"2006-02-18";"200.91"
"03426X0226/PZ3";"2006-02-19";"200.92"
"03426X0226/PZ3";"2006-02-20";"200.92"
"03426X0226/PZ3";"2006-02-21";"200.92"
"03426X0226/PZ3";"2006-02-22";"200.92"
"03426X0226/PZ3";"2006-02-23";"200.93"
"03426X0226/PZ3";"2006-02-24";"200.93"
"03426X0226/PZ3";"2006-02-25";"200.94"
"03426X0226/PZ3";"2006-02-26";"200.93"
"03426X0226/PZ3";"2006-02-27";"200.94"
"03426X0226/PZ3";"2006-02-28";"200.94"
"03426X0226/PZ3";"2006-03-01";"200.95"
"03426X0226/PZ3";"2006-03-02";"200.95"
"03426X0226/PZ3";"2006-03-03";"200.96"
"03426X0226/PZ3";"2006-03-04";"200.95"
"03426X0226/PZ3";"2006-03-05";"200.96"
"03426X0226/PZ3";"2006-03-06";"200.96"
"03426X0226/PZ3";"2006-03-07";"200.96"
"03426X0226/PZ3";"2006-03-08";"200.97"
"03426X0226/PZ3";"2006-03-09";"200.99"
"03426X0226/PZ3";"2006-03-10";"200.99"
"03426X0226/PZ3";"2006-03-11";"201.0"
"03426X0226/PZ3";"2006-03-12";"201.01"
"03426X0226/PZ3";"2006-03-13";"201.02"
"03426X0226/PZ3";"2006-03-14";"201.03"
"03426X0226/PZ3";"2006-03-15";"201.04"
"03426X0226/PZ3";"2006-03-16";"201.05"
"03426X0226/PZ3";"2006-03-17";"201.06"
"03426X0226/PZ3";"2006-03-18";"201.07"
"03426X0226/PZ3";"2006-03-19";"201.09"
"03426X0226/PZ3";"2006-03-20";"201.09"
"03426X0226/PZ3";"2006-03-21";"201.1"
"03426X0226/PZ3";"2006-03-22";"201.12"
"03426X0226/PZ3";"2006-03-23";"201.12"
"03426X0226/PZ3";"2006-03-24";"201.13"
"03426X0226/PZ3";"2006-03-25";"201.14"
"03426X0226/PZ3";"2006-03-26";"201.15"
"03426X0226/PZ3";"2006-03-27";"201.16"
"03426X0226/PZ3";"2006-03-28";"201.17"
"03426X0226/PZ3";"2006-03-29";"201.17"
"03426X0226/PZ3";"2006-03-30";"201.18"
"03426X0226/PZ3";"2006-03-31";"201.18"
"03426X0226/PZ3";"2006-04-01";"201.19"
"03426X0226/PZ3";"2006-04-02";"201.19"
"03426X0226/PZ3";"2006-04-03";"201.19"
"03426X0226/PZ3";"2006-04-04";"201.2"
"03426X0226/PZ3";"2006-04-05";"201.21"
"03426X0226/PZ3";"2006-04-06";"201.21"
"03426X0226/PZ3";"2006-04-07";"201.21"
"03426X0226/PZ3";"2006-04-08";"201.22"
"03426X0226/PZ3";"2006-04-09";"201.22"
"03426X0226/PZ3";"2006-04-10";"201.24"
"03426X0226/PZ3";"2006-04-11";"201.24"
"03426X0226/PZ3";"2006-04-12";"201.25"
"03426X0226/PZ3";"2006-04-13";"201.26"
"03426X0226/PZ3";"2006-04-14";"201.26"
"03426X0226/PZ3";"2006-04-15";"201.27"
"03426X0226/PZ3";"2006-04-16";"201.27"
"03426X0226/PZ3";"2006-04-17";"201.29"
"03426X0226/PZ3";"2006-04-18";"201.29"
"03426X0226/PZ3";"2006-04-19";"201.29"
"03426X0226/PZ3";"2006-04-20";"201.31"
"03426X0226/PZ3";"2006-04-21";"201.32"
"03426X0226/PZ3";"2006-04-22";"201.37"
"03426X0226/PZ3";"2006-04-23";"201.54"
"03426X0226/PZ3";"2006-04-24";"201.58"
"03426X0226/PZ3";"2006-04-25";"201.61"
"03426X0226/PZ3";"2006-04-26";"201.54"
"03426X0226/PZ3";"2006-04-27";"201.7"
"03426X0226/PZ3";"2006-04-28";"201.69"
"03426X0226/PZ3";"2006-04-29";"201.77"
"03426X0226/PZ3";"2006-04-30";"201.71"
"03426X0226/PZ3";"2006-05-01";"201.8"
"03426X0226/PZ3";"2006-05-02";"201.79"
"03426X0226/PZ3";"2006-05-03";"201.7"
"03426X0226/PZ3";"2006-05-04";"201.69"
"03426X0226/PZ3";"2006-05-05";"201.71"
"03426X0226/PZ3";"2006-05-06";"201.74"
"03426X0226/PZ3";"2006-05-07";"201.76"
"03426X0226/PZ3";"2006-05-08";"201.78"
"03426X0226/PZ3";"2006-05-09";"201.8"
"03426X0226/PZ3";"2006-05-10";"201.87"
"03426X0226/PZ3";"2006-05-11";"201.87"
"03426X0226/PZ3";"2006-05-12";"201.83"
"03426X0226/PZ3";"2006-05-13";"201.84"
"03426X0226/PZ3";"2006-05-14";"201.88"
"03426X0226/PZ3";"2006-05-15";"201.88"
"03426X0226/PZ3";"2006-05-16";"201.9"
"03426X0226/PZ3";"2006-05-17";"201.93"
"03426X0226/PZ3";"2006-05-18";"201.95"
"03426X0226/PZ3";"2006-05-19";"202.0"
"03426X0226/PZ3";"2006-05-20";"202.03"
"03426X0226/PZ3";"2006-05-21";"201.99"
"03426X0226/PZ3";"2006-05-22";"202.02"
"03426X0226/PZ3";"2006-05-23";"202.02"
"03426X0226/PZ3";"2006-05-24";"202.0"
"03426X0226/PZ3";"2006-05-25";"202.08"
"03426X0226/PZ3";"2006-05-26";"202.05"
"03426X0226/PZ3";"2006-05-27";"202.02"
"03426X0226/PZ3";"2006-05-28";"202.02"
"03426X0226/PZ3";"2006-05-29";"202.03"
"03426X0226/PZ3";"2006-05-30";"202.05"
"03426X0226/PZ3";"2006-06-06";"201.97"
"03426X0226/PZ3";"2006-06-13";"202.04"
"03426X0226/PZ3";"2006-06-20";"202.1"
"03426X0226/PZ3";"2006-06-27";"202.16"
"03426X0226/PZ3";"2006-07-11";"202.16"
"03426X0226/PZ3";"2006-07-18";"202.18"
"03426X0226/PZ3";"2006-07-25";"202.18"
"03426X0226/PZ3";"2006-08-01";"202.22"
"03426X0226/PZ3";"2006-08-08";"202.26"
"03426X0226/PZ3";"2006-08-15";"202.31"
"03426X0226/PZ3";"2006-08-22";"202.35"
"03426X0226/PZ3";"2006-08-29";"202.4"
"03426X0226/PZ3";"2006-09-05";"202.43"
"03426X0226/PZ3";"2006-09-12";"202.45"
"03426X0226/PZ3";"2006-09-13";"202.48"
"03426X0226/PZ3";"2006-09-19";"202.48"
"03426X0226/PZ3";"2006-09-26";"202.49"
"03426X0226/PZ3";"2006-10-03";"202.52"
"03426X0226/PZ3";"2006-10-10";"202.58"
"03426X0226/PZ3";"2006-10-17";"202.64"
"03426X0226/PZ3";"2006-10-18";"202.8"
"03426X0226/PZ3";"2006-10-24";"202.77"
"03426X0226/PZ3";"2006-10-31";"202.75"
"03426X0226/PZ3";"2006-11-02";"202.72"
"03426X0226/PZ3";"2006-11-07";"202.71"
"03426X0226/PZ3";"2006-11-14";"202.67"
"03426X0226/PZ3";"2006-11-21";"202.63"
"03426X0226/PZ3";"2006-11-28";"202.6"
"03426X0226/PZ3";"2006-12-05";"202.59"
"03426X0226/PZ3";"2006-12-12";"202.63"
"03426X0226/PZ3";"2006-12-14";"202.69"
"03426X0226/PZ3";"2006-12-19";"202.49"
"03426X0226/PZ3";"2006-12-26";"202.44"
"03426X0226/PZ3";"2007-01-02";"202.39"
"03426X0226/PZ3";"2007-01-09";"202.34"
"03426X0226/PZ3";"2007-01-16";"202.3"
"03426X0226/PZ3";"2007-01-23";"202.25"
"03426X0226/PZ3";"2007-01-30";"202.2"
"03426X0226/PZ3";"2007-02-06";"202.15"
"03426X0226/PZ3";"2007-02-13";"202.09"
"03426X0226/PZ3";"2007-02-20";"202.05"
"03426X0226/PZ3";"2007-02-27";"202.01"
"03426X0226/PZ3";"2007-03-13";"201.96"
"03426X0226/PZ3";"2007-03-20";"201.93"
"03426X0226/PZ3";"2007-03-26";"201.92"
"03426X0226/PZ3";"2007-03-27";"201.93"
"03426X0226/PZ3";"2007-03-28";"201.93"
"03426X0226/PZ3";"2007-03-29";"201.93"
"03426X0226/PZ3";"2007-03-30";"201.94"
"03426X0226/PZ3";"2007-03-31";"201.92"
"03426X0226/PZ3";"2007-04-01";"201.91"
"03426X0226/PZ3";"2007-04-02";"201.92"
"03426X0226/PZ3";"2007-04-03";"201.93"
"03426X0226/PZ3";"2007-04-04";"201.93"
"03426X0226/PZ3";"2007-04-05";"201.91"
"03426X0226/PZ3";"2007-04-06";"201.9"
"03426X0226/PZ3";"2007-04-07";"201.9"
"03426X0226/PZ3";"2007-04-08";"201.9"
"03426X0226/PZ3";"2007-04-09";"201.9"
"03426X0226/PZ3";"2007-04-10";"201.9"
"03426X0226/PZ3";"2007-04-11";"201.9"
"03426X0226/PZ3";"2007-04-12";"201.9"
"03426X0226/PZ3";"2007-04-13";"201.9"
"03426X0226/PZ3";"2007-04-14";"201.89"
"03426X0226/PZ3";"2007-04-15";"201.88"
"03426X0226/PZ3";"2007-04-16";"201.88"
"03426X0226/PZ3";"2007-04-17";"201.88"
"03426X0226/PZ3";"2007-04-18";"201.87"
"03426X0226/PZ3";"2007-04-19";"201.88"
"03426X0226/PZ3";"2007-04-20";"201.88"
"03426X0226/PZ3";"2007-04-21";"201.87"
"03426X0226/PZ3";"2007-04-22";"201.86"
"03426X0226/PZ3";"2007-04-23";"201.86"
"03426X0226/PZ3";"2007-04-24";"201.86"
"03426X0226/PZ3";"2007-04-25";"201.86"
"03426X0226/PZ3";"2007-04-26";"201.86"
"03426X0226/PZ3";"2007-04-27";"201.85"
"03426X0226/PZ3";"2007-04-28";"201.84"
"03426X0226/PZ3";"2007-04-29";"201.86"
"03426X0226/PZ3";"2007-04-30";"201.86"
"03426X0226/PZ3";"2007-05-01";"201.86"
"03426X0226/PZ3";"2007-05-02";"201.86"
"03426X0226/PZ3";"2007-05-03";"201.85"
"03426X0226/PZ3";"2007-05-04";"201.85"
"03426X0226/PZ3";"2007-05-05";"201.85"
"03426X0226/PZ3";"2007-05-06";"201.83"
"03426X0226/PZ3";"2007-05-07";"201.82"
"03426X0226/PZ3";"2007-05-08";"201.83"
"03426X0226/PZ3";"2007-05-09";"201.82"
"03426X0226/PZ3";"2007-05-10";"201.83"
"03426X0226/PZ3";"2007-05-11";"201.84"
"03426X0226/PZ3";"2007-05-12";"201.82"
"03426X0226/PZ3";"2007-05-13";"201.82"
"03426X0226/PZ3";"2007-05-14";"201.81"
"03426X0226/PZ3";"2007-05-15";"201.8"
"03426X0226/PZ3";"2007-05-16";"201.82"
"03426X0226/PZ3";"2007-05-17";"201.82"
"03426X0226/PZ3";"2007-05-18";"201.8"
"03426X0226/PZ3";"2007-05-19";"201.81"
"03426X0226/PZ3";"2007-05-20";"201.81"
"03426X0226/PZ3";"2007-05-21";"201.81"
"03426X0226/PZ3";"2007-05-22";"201.79"
"03426X0226/PZ3";"2007-05-23";"201.79"
"03426X0226/PZ3";"2007-05-24";"201.79"
"03426X0226/PZ3";"2007-05-25";"201.8"
"03426X0226/PZ3";"2007-05-26";"201.8"
"03426X0226/PZ3";"2007-05-27";"201.8"
"03426X0226/PZ3";"2007-05-28";"201.79"
"03426X0226/PZ3";"2007-05-29";"201.78"
"03426X0226/PZ3";"2007-05-30";"201.77"
"03426X0226/PZ3";"2007-05-31";"201.77"
"03426X0226/PZ3";"2007-06-01";"201.77"
"03426X0226/PZ3";"2007-06-02";"201.76"
"03426X0226/PZ3";"2007-06-03";"201.76"
"03426X0226/PZ3";"2007-06-04";"201.77"
"03426X0226/PZ3";"2007-06-05";"201.77"
"03426X0226/PZ3";"2007-06-06";"201.77"
"03426X0226/PZ3";"2007-06-07";"201.76"
"03426X0226/PZ3";"2007-06-08";"201.75"
"03426X0226/PZ3";"2007-06-09";"201.75"
"03426X0226/PZ3";"2007-06-10";"201.74"
"03426X0226/PZ3";"2007-06-11";"201.75"
"03426X0226/PZ3";"2007-06-12";"201.75"
"03426X0226/PZ3";"2007-06-13";"201.76"
"03426X0226/PZ3";"2007-06-14";"201.77"
"03426X0226/PZ3";"2007-06-15";"201.77"
"03426X0226/PZ3";"2007-06-16";"201.76"
"03426X0226/PZ3";"2007-06-17";"201.77"
"03426X0226/PZ3";"2007-06-18";"201.76"
"03426X0226/PZ3";"2007-06-19";"201.77"
"03426X0226/PZ3";"2007-06-20";"201.77"
"03426X0226/PZ3";"2007-06-21";"201.8"
"03426X0226/PZ3";"2007-06-22";"201.84"
"03426X0226/PZ3";"2007-06-23";"201.86"
"03426X0226/PZ3";"2007-06-24";"201.88"
"03426X0226/PZ3";"2007-06-25";"201.89"
"03426X0226/PZ3";"2007-06-26";"201.9"
"03426X0226/PZ3";"2007-06-27";"201.9"
"03426X0226/PZ3";"2007-06-28";"201.89"
"03426X0226/PZ3";"2007-06-29";"201.9"
"03426X0226/PZ3";"2007-06-30";"201.9"
"03426X0226/PZ3";"2007-07-01";"201.91"
"03426X0226/PZ3";"2007-07-02";"201.92"
"03426X0226/PZ3";"2007-07-03";"201.93"
"03426X0226/PZ3";"2007-07-04";"201.93"
"03426X0226/PZ3";"2007-07-05";"201.91"
"03426X0226/PZ3";"2007-07-06";"201.92"
"03426X0226/PZ3";"2007-07-07";"201.91"
"03426X0226/PZ3";"2007-07-08";"201.92"
"03426X0226/PZ3";"2007-07-09";"201.92"
"03426X0226/PZ3";"2007-07-10";"201.92"
"03426X0226/PZ3";"2007-07-11";"201.92"
"03426X0226/PZ3";"2007-07-12";"201.91"
"03426X0226/PZ3";"2007-07-13";"201.91"
"03426X0226/PZ3";"2007-07-14";"201.91"
"03426X0226/PZ3";"2007-07-15";"201.91"
"03426X0226/PZ3";"2007-07-16";"201.91"
"03426X0226/PZ3";"2007-07-17";"201.9"
"03426X0226/PZ3";"2007-07-18";"201.9"
"03426X0226/PZ3";"2007-07-19";"201.9"
"03426X0226/PZ3";"2007-07-20";"201.91"
"03426X0226/PZ3";"2007-07-21";"201.92"
"03426X0226/PZ3";"2007-07-22";"201.93"
"03426X0226/PZ3";"2007-07-23";"201.95"
"03426X0226/PZ3";"2007-07-24";"201.94"
"03426X0226/PZ3";"2007-07-25";"201.94"
"03426X0226/PZ3";"2007-07-26";"201.95"
"03426X0226/PZ3";"2007-07-27";"201.95"
"03426X0226/PZ3";"2007-07-28";"201.94"
"03426X0226/PZ3";"2007-07-29";"201.95"
"03426X0226/PZ3";"2007-07-30";"201.95"
"03426X0226/PZ3";"2007-07-31";"201.95"
"03426X0226/PZ3";"2007-08-01";"201.96"
"03426X0226/PZ3";"2007-08-02";"201.97"
"03426X0226/PZ3";"2007-08-03";"201.94"
"03426X0226/PZ3";"2007-08-04";"201.94"
"03426X0226/PZ3";"2007-08-05";"201.96"
"03426X0226/PZ3";"2007-08-06";"201.96"
"03426X0226/PZ3";"2007-08-07";"201.96"
"03426X0226/PZ3";"2007-08-08";"201.98"
"03426X0226/PZ3";"2007-08-09";"201.99"
"03426X0226/PZ3";"2007-08-10";"202.0"
"03426X0226/PZ3";"2007-08-11";"202.01"
"03426X0226/PZ3";"2007-08-12";"202.02"
"03426X0226/PZ3";"2007-08-13";"202.02"
"03426X0226/PZ3";"2007-08-14";"202.02"
"03426X0226/PZ3";"2007-08-15";"202.03"
"03426X0226/PZ3";"2007-08-16";"202.02"
"03426X0226/PZ3";"2007-08-17";"201.99"
"03426X0226/PZ3";"2007-08-18";"202.0"
"03426X0226/PZ3";"2007-08-19";"202.01"
"03426X0226/PZ3";"2007-08-20";"202.01"
"03426X0226/PZ3";"2007-08-21";"202.01"
"03426X0226/PZ3";"2007-08-22";"202.01"
"03426X0226/PZ3";"2007-08-23";"202.0"
"03426X0226/PZ3";"2007-08-24";"201.98"
"03426X0226/PZ3";"2007-08-25";"201.97"
"03426X0226/PZ3";"2007-08-26";"201.97"
"03426X0226/PZ3";"2007-08-27";"201.97"
"03426X0226/PZ3";"2007-08-28";"201.98"
"03426X0226/PZ3";"2007-08-29";"201.99"
"03426X0226/PZ3";"2007-08-30";"201.97"
"03426X0226/PZ3";"2007-08-31";"201.96"
"03426X0226/PZ3";"2007-09-01";"201.95"
"03426X0226/PZ3";"2007-09-02";"201.96"
"03426X0226/PZ3";"2007-09-03";"201.96"
"03426X0226/PZ3";"2007-09-04";"201.95"
"03426X0226/PZ3";"2007-09-05";"201.93"
"03426X0226/PZ3";"2007-09-06";"201.93"
"03426X0226/PZ3";"2007-09-07";"201.93"
"03426X0226/PZ3";"2007-09-08";"201.93"
"03426X0226/PZ3";"2007-09-09";"201.94"
"03426X0226/PZ3";"2007-09-10";"201.93"
"03426X0226/PZ3";"2007-09-11";"201.93"
"03426X0226/PZ3";"2007-09-12";"201.91"
"03426X0226/PZ3";"2007-09-13";"201.91"
"03426X0226/PZ3";"2007-09-14";"201.91"
"03426X0226/PZ3";"2007-09-15";"201.89"
"03426X0226/PZ3";"2007-09-16";"201.9"
"03426X0226/PZ3";"2007-09-17";"201.91"
"03426X0226/PZ3";"2007-09-18";"201.91"
"03426X0226/PZ3";"2007-09-19";"201.88"
"03426X0226/PZ3";"2007-09-20";"201.88"
"03426X0226/PZ3";"2007-09-21";"201.88"
"03426X0226/PZ3";"2007-09-22";"201.88"
"03426X0226/PZ3";"2007-09-23";"201.87"
"03426X0226/PZ3";"2007-09-24";"201.87"
"03426X0226/PZ3";"2007-09-25";"201.87"
"03426X0226/PZ3";"2007-09-26";"201.87"
"03426X0226/PZ3";"2007-09-27";"201.88"
"03426X0226/PZ3";"2007-09-28";"201.87"
"03426X0226/PZ3";"2007-09-29";"201.85"
"03426X0226/PZ3";"2007-09-30";"201.84"
"03426X0226/PZ3";"2007-10-01";"201.83"
"03426X0226/PZ3";"2007-10-02";"201.83"
"03426X0226/PZ3";"2007-10-03";"201.83"
"03426X0226/PZ3";"2007-10-04";"201.82"
"03426X0226/PZ3";"2007-10-05";"201.81"
"03426X0226/PZ3";"2007-10-06";"201.81"
"03426X0226/PZ3";"2007-10-07";"201.8"
"03426X0226/PZ3";"2007-10-08";"201.79"
"03426X0226/PZ3";"2007-10-09";"201.78"
"03426X0226/PZ3";"2007-10-10";"201.78"
"03426X0226/PZ3";"2007-10-11";"201.76"
"03426X0226/PZ3";"2007-10-12";"201.76"
"03426X0226/PZ3";"2007-10-13";"201.75"
"03426X0226/PZ3";"2007-10-14";"201.75"
"03426X0226/PZ3";"2007-10-15";"201.74"
"03426X0226/PZ3";"2007-10-16";"201.73"
"03426X0226/PZ3";"2007-10-17";"201.73"
"03426X0226/PZ3";"2007-10-18";"201.71"
"03426X0226/PZ3";"2007-10-19";"201.69"
"03426X0226/PZ3";"2007-10-20";"201.69"
"03426X0226/PZ3";"2007-10-21";"201.69"
"03426X0226/PZ3";"2007-10-22";"201.68"
"03426X0226/PZ3";"2007-10-23";"201.68"
"03426X0226/PZ3";"2007-10-24";"201.67"
"03426X0226/PZ3";"2007-10-25";"201.65"
"03426X0226/PZ3";"2007-10-26";"201.65"
"03426X0226/PZ3";"2007-10-27";"201.62"
"03426X0226/PZ3";"2007-10-28";"201.62"
"03426X0226/PZ3";"2007-10-29";"201.62"
"03426X0226/PZ3";"2007-10-30";"201.62"
"03426X0226/PZ3";"2007-10-31";"201.58"
"03426X0226/PZ3";"2007-11-01";"201.57"
"03426X0226/PZ3";"2007-11-02";"201.56"
"03426X0226/PZ3";"2007-11-03";"201.55"
"03426X0226/PZ3";"2007-11-04";"201.55"
"03426X0226/PZ3";"2007-11-05";"201.54"
"03426X0226/PZ3";"2007-11-06";"201.53"
"03426X0226/PZ3";"2007-11-07";"201.52"
"03426X0226/PZ3";"2007-11-08";"201.52"
"03426X0226/PZ3";"2007-11-09";"201.53"
"03426X0226/PZ3";"2007-11-10";"201.5"
"03426X0226/PZ3";"2007-11-11";"201.49"
"03426X0226/PZ3";"2007-11-12";"201.48"
"03426X0226/PZ3";"2007-11-13";"201.49"
"03426X0226/PZ3";"2007-11-14";"201.49"
"03426X0226/PZ3";"2007-11-15";"201.45"
"03426X0226/PZ3";"2007-11-16";"201.43"
"03426X0226/PZ3";"2007-11-20";"201.4"
"03426X0226/PZ3";"2007-11-27";"201.35"
"03426X0226/PZ3";"2007-12-04";"201.29"
"03426X0226/PZ3";"2007-12-11";"201.23"
"03426X0226/PZ3";"2007-12-18";"201.16"
"03426X0226/PZ3";"2007-12-25";"201.07"
"03426X0226/PZ3";"2008-01-08";"200.98"
"03426X0226/PZ3";"2008-01-15";"200.94"
"03426X0226/PZ3";"2008-01-22";"200.9"
"03426X0226/PZ3";"2008-01-29";"200.87"
"03426X0226/PZ3";"2008-02-05";"200.82"
"03426X0226/PZ3";"2008-02-12";"200.76"
"03426X0226/PZ3";"2008-02-13";"200.73"
"03426X0226/PZ3";"2008-02-14";"200.73"
"03426X0226/PZ3";"2008-02-15";"200.71"
"03426X0226/PZ3";"2008-02-16";"200.69"
"03426X0226/PZ3";"2008-02-17";"200.69"
"03426X0226/PZ3";"2008-02-18";"200.69"
"03426X0226/PZ3";"2008-02-19";"200.69"
"03426X0226/PZ3";"2008-02-20";"200.68"
"03426X0226/PZ3";"2008-02-21";"200.66"
"03426X0226/PZ3";"2008-02-22";"200.66"
"03426X0226/PZ3";"2008-02-23";"200.64"
"03426X0226/PZ3";"2008-02-24";"200.64"
"03426X0226/PZ3";"2008-02-25";"200.63"
"03426X0226/PZ3";"2008-02-26";"200.63"
"03426X0226/PZ3";"2008-02-27";"200.61"
"03426X0226/PZ3";"2008-02-28";"200.61"
"03426X0226/PZ3";"2008-02-29";"200.59"
"03426X0226/PZ3";"2008-03-01";"200.61"
"03426X0226/PZ3";"2008-03-02";"200.58"
"03426X0226/PZ3";"2008-03-03";"200.58"
"03426X0226/PZ3";"2008-03-04";"200.56"
"03426X0226/PZ3";"2008-03-05";"200.54"
"03426X0226/PZ3";"2008-03-06";"200.54"
"03426X0226/PZ3";"2008-03-07";"200.54"
"03426X0226/PZ3";"2008-03-08";"200.53"
"03426X0226/PZ3";"2008-03-09";"200.53"
"03426X0226/PZ3";"2008-03-10";"200.53"
"03426X0226/PZ3";"2008-03-11";"200.51"
"03426X0226/PZ3";"2008-03-12";"200.49"
"03426X0226/PZ3";"2008-03-13";"200.48"
"03426X0226/PZ3";"2008-03-14";"200.48"
"03426X0226/PZ3";"2008-03-15";"200.48"
"03426X0226/PZ3";"2008-03-16";"200.48"
"03426X0226/PZ3";"2008-03-17";"200.46"
"03426X0226/PZ3";"2008-03-18";"200.44"
"03426X0226/PZ3";"2008-03-19";"200.44"
"03426X0226/PZ3";"2008-03-20";"200.44"
"03426X0226/PZ3";"2008-03-21";"200.46"
"03426X0226/PZ3";"2008-03-22";"200.46"
"03426X0226/PZ3";"2008-03-23";"200.44"
"03426X0226/PZ3";"2008-03-24";"200.43"
"03426X0226/PZ3";"2008-03-25";"200.43"
"03426X0226/PZ3";"2008-03-26";"200.41"
"03426X0226/PZ3";"2008-03-27";"200.39"
"03426X0226/PZ3";"2008-03-28";"200.39"
"03426X0226/PZ3";"2008-03-29";"200.38"
"03426X0226/PZ3";"2008-03-30";"200.38"
"03426X0226/PZ3";"2008-03-31";"200.36"
"03426X0226/PZ3";"2008-04-01";"200.36"
"03426X0226/PZ3";"2008-04-02";"200.35"
"03426X0226/PZ3";"2008-04-03";"200.35"
"03426X0226/PZ3";"2008-04-04";"200.34"
"03426X0226/PZ3";"2008-04-05";"200.36"
"03426X0226/PZ3";"2008-04-06";"200.36"
"03426X0226/PZ3";"2008-04-07";"200.35"
"03426X0226/PZ3";"2008-04-08";"200.33"
"03426X0226/PZ3";"2008-04-09";"200.34"
"03426X0226/PZ3";"2008-04-10";"200.33"
"03426X0226/PZ3";"2008-04-11";"200.34"
"03426X0226/PZ3";"2008-04-12";"200.34"
"03426X0226/PZ3";"2008-04-13";"200.35"
"03426X0226/PZ3";"2008-04-14";"200.35"
"03426X0226/PZ3";"2008-04-15";"200.34"
"03426X0226/PZ3";"2008-04-16";"200.34"
"03426X0226/PZ3";"2008-04-17";"200.36"
"03426X0226/PZ3";"2008-04-18";"200.37"
"03426X0226/PZ3";"2008-04-19";"200.37"
"03426X0226/PZ3";"2008-04-20";"200.36"
"03426X0226/PZ3";"2008-04-21";"200.35"
"03426X0226/PZ3";"2008-04-22";"200.34"
"03426X0226/PZ3";"2008-04-23";"200.34"
"03426X0226/PZ3";"2008-04-24";"200.35"
"03426X0226/PZ3";"2008-04-25";"200.35"
"03426X0226/PZ3";"2008-04-26";"200.37"
"03426X0226/PZ3";"2008-04-27";"200.38"
"03426X0226/PZ3";"2008-04-28";"200.4"
"03426X0226/PZ3";"2008-04-29";"200.4"
"03426X0226/PZ3";"2008-04-30";"200.41"
"03426X0226/PZ3";"2008-05-01";"200.39"
"03426X0226/PZ3";"2008-05-02";"200.37"
"03426X0226/PZ3";"2008-05-03";"200.38"
"03426X0226/PZ3";"2008-05-04";"200.38"
"03426X0226/PZ3";"2008-05-05";"200.38"
"03426X0226/PZ3";"2008-05-06";"200.38"
"03426X0226/PZ3";"2008-05-07";"200.38"
"03426X0226/PZ3";"2008-05-08";"200.39"
"03426X0226/PZ3";"2008-05-09";"200.4"
"03426X0226/PZ3";"2008-05-10";"200.39"
"03426X0226/PZ3";"2008-05-11";"200.39"
"03426X0226/PZ3";"2008-05-12";"200.39"
"03426X0226/PZ3";"2008-05-13";"200.4"
"03426X0226/PZ3";"2008-05-14";"200.4"
"03426X0226/PZ3";"2008-05-15";"200.4"
"03426X0226/PZ3";"2008-05-16";"200.41"
"03426X0226/PZ3";"2008-05-17";"200.41"
"03426X0226/PZ3";"2008-05-18";"200.41"
"03426X0226/PZ3";"2008-05-19";"200.4"
"03426X0226/PZ3";"2008-05-20";"200.4"
"03426X0226/PZ3";"2008-05-21";"200.39"
"03426X0226/PZ3";"2008-05-22";"200.4"
"03426X0226/PZ3";"2008-05-23";"200.4"
"03426X0226/PZ3";"2008-05-24";"200.4"
"03426X0226/PZ3";"2008-05-25";"200.4"
"03426X0226/PZ3";"2008-05-26";"200.4"
"03426X0226/PZ3";"2008-05-27";"200.41"
"03426X0226/PZ3";"2008-05-28";"200.41"
"03426X0226/PZ3";"2008-05-29";"200.4"
"03426X0226/PZ3";"2008-05-30";"200.41"
"03426X0226/PZ3";"2008-05-31";"200.44"
"03426X0226/PZ3";"2008-06-01";"200.47"
"03426X0226/PZ3";"2008-06-02";"200.49"
"03426X0226/PZ3";"2008-06-03";"200.5"
"03426X0226/PZ3";"2008-06-04";"200.51"
"03426X0226/PZ3";"2008-06-05";"200.52"
"03426X0226/PZ3";"2008-06-06";"200.53"
"03426X0226/PZ3";"2008-06-07";"200.53"
"03426X0226/PZ3";"2008-06-08";"200.54"
"03426X0226/PZ3";"2008-06-09";"200.55"
"03426X0226/PZ3";"2008-06-10";"200.56"
"03426X0226/PZ3";"2008-06-11";"200.56"
"03426X0226/PZ3";"2008-06-12";"200.57"
"03426X0226/PZ3";"2008-06-13";"200.57"
"03426X0226/PZ3";"2008-06-14";"200.57"
"03426X0226/PZ3";"2008-06-15";"200.59"
"03426X0226/PZ3";"2008-06-16";"200.59"
"03426X0226/PZ3";"2008-06-17";"200.59"
"03426X0226/PZ3";"2008-06-18";"200.59"
"03426X0226/PZ3";"2008-06-19";"200.59"
"03426X0226/PZ3";"2008-06-20";"200.58"
"03426X0226/PZ3";"2008-06-21";"200.59"
"03426X0226/PZ3";"2008-06-22";"200.59"
"03426X0226/PZ3";"2008-06-23";"200.59"
"03426X0226/PZ3";"2008-06-24";"200.59"
"03426X0226/PZ3";"2008-06-25";"200.59"
"03426X0226/PZ3";"2008-06-26";"200.59"
"03426X0226/PZ3";"2008-06-27";"200.59"
"03426X0226/PZ3";"2008-06-28";"200.59"
"03426X0226/PZ3";"2008-06-29";"200.59"
"03426X0226/PZ3";"2008-06-30";"200.59"
"03426X0226/PZ3";"2008-07-01";"200.6"
"03426X0226/PZ3";"2008-07-02";"200.6"
"03426X0226/PZ3";"2008-07-03";"200.6"
"03426X0226/PZ3";"2008-07-04";"200.59"
"03426X0226/PZ3";"2008-07-05";"200.6"
"03426X0226/PZ3";"2008-07-06";"200.62"
"03426X0226/PZ3";"2008-07-07";"200.61"
"03426X0226/PZ3";"2008-07-08";"200.61"
"03426X0226/PZ3";"2008-07-09";"200.61"
"03426X0226/PZ3";"2008-07-10";"200.62"
"03426X0226/PZ3";"2008-07-11";"200.62"
"03426X0226/PZ3";"2008-07-12";"200.63"
"03426X0226/PZ3";"2008-07-13";"200.63"
"03426X0226/PZ3";"2008-07-14";"200.63"
"03426X0226/PZ3";"2008-07-15";"200.63"
"03426X0226/PZ3";"2008-07-16";"200.64"
"03426X0226/PZ3";"2008-07-17";"200.65"
"03426X0226/PZ3";"2008-07-18";"200.65"
"03426X0226/PZ3";"2008-07-19";"200.66"
"03426X0226/PZ3";"2008-07-20";"200.66"
"03426X0226/PZ3";"2008-07-21";"200.65"
"03426X0226/PZ3";"2008-07-22";"200.64"
"03426X0226/PZ3";"2008-07-23";"200.64"
"03426X0226/PZ3";"2008-07-24";"200.65"
"03426X0226/PZ3";"2008-07-25";"200.65"
"03426X0226/PZ3";"2008-07-26";"200.65"
"03426X0226/PZ3";"2008-07-27";"200.64"
"03426X0226/PZ3";"2008-07-28";"200.66"
"03426X0226/PZ3";"2008-07-29";"200.66"
"03426X0226/PZ3";"2008-07-30";"200.66"
"03426X0226/PZ3";"2008-07-31";"200.67"
"03426X0226/PZ3";"2008-08-01";"200.67"
"03426X0226/PZ3";"2008-08-02";"200.67"
"03426X0226/PZ3";"2008-08-03";"200.67"
"03426X0226/PZ3";"2008-08-04";"200.68"
"03426X0226/PZ3";"2008-08-05";"200.67"
"03426X0226/PZ3";"2008-08-06";"200.67"
"03426X0226/PZ3";"2008-08-07";"200.67"
"03426X0226/PZ3";"2008-08-08";"200.67"
"03426X0226/PZ3";"2008-08-09";"200.65"
"03426X0226/PZ3";"2008-08-10";"200.66"
"03426X0226/PZ3";"2008-08-11";"200.67"
"03426X0226/PZ3";"2008-08-12";"200.68"
"03426X0226/PZ3";"2008-08-13";"200.72"
"03426X0226/PZ3";"2008-08-14";"200.75"
"03426X0226/PZ3";"2008-08-15";"200.76"
"03426X0226/PZ3";"2008-08-16";"200.79"
"03426X0226/PZ3";"2008-08-17";"200.79"
"03426X0226/PZ3";"2008-08-18";"200.8"
"03426X0226/PZ3";"2008-08-19";"200.8"
"03426X0226/PZ3";"2008-08-20";"200.8"
"03426X0226/PZ3";"2008-08-21";"200.8"
"03426X0226/PZ3";"2008-08-22";"200.81"
"03426X0226/PZ3";"2008-08-23";"200.8"
"03426X0226/PZ3";"2008-08-24";"200.8"
"03426X0226/PZ3";"2008-08-25";"200.8"
"03426X0226/PZ3";"2008-08-26";"200.79"
"03426X0226/PZ3";"2008-08-27";"200.79"
"03426X0226/PZ3";"2008-08-28";"200.79"
"03426X0226/PZ3";"2008-08-29";"200.79"
"03426X0226/PZ3";"2008-08-30";"200.79"
"03426X0226/PZ3";"2008-08-31";"200.8"
"03426X0226/PZ3";"2008-09-01";"200.79"
"03426X0226/PZ3";"2008-09-02";"200.81"
"03426X0226/PZ3";"2008-09-03";"200.82"
"03426X0226/PZ3";"2008-09-04";"200.83"
"03426X0226/PZ3";"2008-09-05";"200.84"
"03426X0226/PZ3";"2008-09-06";"200.83"
"03426X0226/PZ3";"2008-09-07";"200.83"
"03426X0226/PZ3";"2008-09-08";"200.83"
"03426X0226/PZ3";"2008-09-09";"200.83"
"03426X0226/PZ3";"2008-09-10";"200.83"
"03426X0226/PZ3";"2008-09-11";"200.85"
"03426X0226/PZ3";"2008-09-12";"200.85"
"03426X0226/PZ3";"2008-09-13";"200.85"
"03426X0226/PZ3";"2008-09-14";"200.87"
"03426X0226/PZ3";"2008-09-15";"200.9"
"03426X0226/PZ3";"2008-09-16";"200.92"
"03426X0226/PZ3";"2008-09-17";"200.92"
"03426X0226/PZ3";"2008-09-18";"200.93"
"03426X0226/PZ3";"2008-09-19";"200.94"
"03426X0226/PZ3";"2008-09-20";"200.93"
"03426X0226/PZ3";"2008-09-21";"200.95"
"03426X0226/PZ3";"2008-09-22";"200.95"
"03426X0226/PZ3";"2008-09-23";"200.95"
"03426X0226/PZ3";"2008-09-24";"200.95"
"03426X0226/PZ3";"2008-09-25";"200.94"
"03426X0226/PZ3";"2008-09-26";"200.94"
"03426X0226/PZ3";"2008-09-27";"200.95"
"03426X0226/PZ3";"2008-09-28";"200.95"
"03426X0226/PZ3";"2008-09-29";"200.96"
"03426X0226/PZ3";"2008-09-30";"200.97"
"03426X0226/PZ3";"2008-10-01";"200.97"
"03426X0226/PZ3";"2008-10-02";"200.97"
"03426X0226/PZ3";"2008-10-03";"200.96"
"03426X0226/PZ3";"2008-10-04";"200.95"
"03426X0226/PZ3";"2008-10-05";"200.96"
"03426X0226/PZ3";"2008-10-06";"200.95"
"03426X0226/PZ3";"2008-10-07";"200.95"
"03426X0226/PZ3";"2008-10-08";"200.95"
"03426X0226/PZ3";"2008-10-09";"200.93"
"03426X0226/PZ3";"2008-10-10";"200.92"
"03426X0226/PZ3";"2008-10-11";"200.93"
"03426X0226/PZ3";"2008-10-12";"200.92"
"03426X0226/PZ3";"2008-10-13";"200.93"
"03426X0226/PZ3";"2008-10-14";"200.93"
"03426X0226/PZ3";"2008-10-15";"200.94"
"03426X0226/PZ3";"2008-10-16";"200.95"
"03426X0226/PZ3";"2008-10-17";"200.93"
"03426X0226/PZ3";"2008-10-18";"200.93"
"03426X0226/PZ3";"2008-10-19";"200.92"
"03426X0226/PZ3";"2008-10-20";"200.93"
"03426X0226/PZ3";"2008-10-21";"200.94"
"03426X0226/PZ3";"2008-10-22";"200.94"
"03426X0226/PZ3";"2008-10-23";"200.92"
"03426X0226/PZ3";"2008-10-24";"200.93"
"03426X0226/PZ3";"2008-10-25";"200.92"
"03426X0226/PZ3";"2008-10-26";"200.94"
"03426X0226/PZ3";"2008-10-27";"200.96"
"03426X0226/PZ3";"2008-10-28";"200.96"
"03426X0226/PZ3";"2008-10-29";"200.98"
"03426X0226/PZ3";"2008-10-30";"200.99"
"03426X0226/PZ3";"2008-10-31";"200.98"
"03426X0226/PZ3";"2008-11-01";"200.98"
"03426X0226/PZ3";"2008-11-02";"200.99"
"03426X0226/PZ3";"2008-11-03";"200.99"
"03426X0226/PZ3";"2008-11-04";"201.0"
"03426X0226/PZ3";"2008-11-05";"201.0"
"03426X0226/PZ3";"2008-11-06";"200.99"
"03426X0226/PZ3";"2008-11-07";"200.99"
"03426X0226/PZ3";"2008-11-08";"200.98"
"03426X0226/PZ3";"2008-11-09";"200.98"
"03426X0226/PZ3";"2008-11-10";"200.98"
"03426X0226/PZ3";"2008-11-11";"201.0"
"03426X0226/PZ3";"2008-11-12";"200.99"
"03426X0226/PZ3";"2008-11-13";"200.97"
"03426X0226/PZ3";"2008-11-14";"200.96"
"03426X0226/PZ3";"2008-11-15";"200.95"
"03426X0226/PZ3";"2008-11-16";"200.96"
"03426X0226/PZ3";"2008-11-17";"200.97"
"03426X0226/PZ3";"2008-11-18";"200.98"
"03426X0226/PZ3";"2008-11-19";"200.97"
"03426X0226/PZ3";"2008-11-20";"200.97"
"03426X0226/PZ3";"2008-11-21";"201.0"
"03426X0226/PZ3";"2008-11-22";"200.98"
"03426X0226/PZ3";"2008-11-23";"201.01"
"03426X0226/PZ3";"2008-11-24";"201.01"
"03426X0226/PZ3";"2008-11-25";"200.97"
"03426X0226/PZ3";"2008-11-26";"200.92"
"03426X0226/PZ3";"2008-11-27";"200.94"
"03426X0226/PZ3";"2008-11-28";"200.98"
"03426X0226/PZ3";"2008-11-29";"200.98"
"03426X0226/PZ3";"2008-11-30";"200.98"
"03426X0226/PZ3";"2008-12-01";"200.96"
"03426X0226/PZ3";"2008-12-02";"200.92"
"03426X0226/PZ3";"2008-12-03";"200.94"
"03426X0226/PZ3";"2008-12-04";"200.95"
"03426X0226/PZ3";"2008-12-05";"200.94"
"03426X0226/PZ3";"2008-12-06";"200.9"
"03426X0226/PZ3";"2008-12-07";"200.87"
"03426X0226/PZ3";"2008-12-08";"200.87"
"03426X0226/PZ3";"2008-12-09";"200.9"
"03426X0226/PZ3";"2008-12-10";"200.89"
"03426X0226/PZ3";"2008-12-11";"200.9"
"03426X0226/PZ3";"2008-12-12";"200.88"
"03426X0226/PZ3";"2008-12-13";"200.92"
"03426X0226/PZ3";"2008-12-14";"200.92"
"03426X0226/PZ3";"2008-12-15";"200.89"
"03426X0226/PZ3";"2008-12-16";"200.89"
"03426X0226/PZ3";"2008-12-17";"200.88"
"03426X0226/PZ3";"2008-12-18";"200.86"
"03426X0226/PZ3";"2008-12-19";"200.86"
"03426X0226/PZ3";"2008-12-20";"200.85"
"03426X0226/PZ3";"2008-12-21";"200.84"
"03426X0226/PZ3";"2008-12-22";"200.83"
"03426X0226/PZ3";"2008-12-23";"200.83"
"03426X0226/PZ3";"2008-12-24";"200.84"
"03426X0226/PZ3";"2008-12-25";"200.83"
"03426X0226/PZ3";"2008-12-26";"200.82"
"03426X0226/PZ3";"2008-12-27";"200.82"
"03426X0226/PZ3";"2008-12-28";"200.82"
"03426X0226/PZ3";"2008-12-29";"200.82"
"03426X0226/PZ3";"2008-12-30";"200.8"
"03426X0226/PZ3";"2008-12-31";"200.81"
"03426X0226/PZ3";"2009-01-01";"200.8"
"03426X0226/PZ3";"2009-01-02";"200.81"
"03426X0226/PZ3";"2009-01-03";"200.79"
"03426X0226/PZ3";"2009-01-04";"200.8"
"03426X0226/PZ3";"2009-01-05";"200.79"
"03426X0226/PZ3";"2009-01-06";"200.79"
"03426X0226/PZ3";"2009-01-07";"200.79"
"03426X0226/PZ3";"2009-01-08";"200.78"
"03426X0226/PZ3";"2009-01-09";"200.79"
"03426X0226/PZ3";"2009-01-10";"200.77"
"03426X0226/PZ3";"2009-01-11";"200.75"
"03426X0226/PZ3";"2009-01-12";"200.76"
"03426X0226/PZ3";"2009-01-13";"200.76"
"03426X0226/PZ3";"2009-01-14";"200.77"
"03426X0226/PZ3";"2009-01-15";"200.74"
"03426X0226/PZ3";"2009-01-16";"200.74"
"03426X0226/PZ3";"2009-01-17";"200.74"
"03426X0226/PZ3";"2009-01-18";"200.76"
"03426X0226/PZ3";"2009-01-19";"200.78"
"03426X0226/PZ3";"2009-01-20";"200.77"
"03426X0226/PZ3";"2009-01-21";"200.75"
"03426X0226/PZ3";"2009-01-22";"200.76"
"03426X0226/PZ3";"2009-01-23";"200.8"
"03426X0226/PZ3";"2009-01-24";"200.78"
"03426X0226/PZ3";"2009-01-25";"200.75"
"03426X0226/PZ3";"2009-01-26";"200.76"
"03426X0226/PZ3";"2009-01-27";"200.73"
"03426X0226/PZ3";"2009-01-28";"200.72"
"03426X0226/PZ3";"2009-01-29";"200.72"
"03426X0226/PZ3";"2009-01-30";"200.72"
"03426X0226/PZ3";"2009-01-31";"200.73"
"03426X0226/PZ3";"2009-02-01";"200.76"
"03426X0226/PZ3";"2009-02-02";"200.75"
"03426X0226/PZ3";"2009-02-03";"200.75"
"03426X0226/PZ3";"2009-02-04";"200.75"
"03426X0226/PZ3";"2009-02-05";"200.75"
"03426X0226/PZ3";"2009-02-06";"200.76"
"03426X0226/PZ3";"2009-02-07";"200.76"
"03426X0226/PZ3";"2009-02-08";"200.74"
"03426X0226/PZ3";"2009-02-09";"200.75"
"03426X0226/PZ3";"2009-02-10";"200.77"
"03426X0226/PZ3";"2009-02-11";"200.73"
"03426X0226/PZ3";"2009-02-12";"200.75"
"03426X0226/PZ3";"2009-02-13";"200.75"
"03426X0226/PZ3";"2009-02-14";"200.76"
"03426X0226/PZ3";"2009-02-15";"200.75"
"03426X0226/PZ3";"2009-02-16";"200.77"
"03426X0226/PZ3";"2009-02-17";"200.78"
"03426X0226/PZ3";"2009-02-18";"200.78"
"03426X0226/PZ3";"2009-02-19";"200.78"
"03426X0226/PZ3";"2009-02-20";"200.79"
"03426X0226/PZ3";"2009-02-21";"200.78"
"03426X0226/PZ3";"2009-02-22";"200.81"
"03426X0226/PZ3";"2009-02-23";"200.82"
"03426X0226/PZ3";"2009-02-24";"200.82"
"03426X0226/PZ3";"2009-02-25";"200.82"
"03426X0226/PZ3";"2009-02-26";"200.84"
"03426X0226/PZ3";"2009-02-27";"200.84"
"03426X0226/PZ3";"2009-02-28";"200.87"
"03426X0226/PZ3";"2009-03-01";"200.87"
"03426X0226/PZ3";"2009-03-02";"200.88"
"03426X0226/PZ3";"2009-03-03";"200.89"
"03426X0226/PZ3";"2009-03-04";"200.93"
"03426X0226/PZ3";"2009-03-05";"200.93"
"03426X0226/PZ3";"2009-03-06";"200.92"
"03426X0226/PZ3";"2009-03-07";"200.9"
"03426X0226/PZ3";"2009-03-08";"200.92"
"03426X0226/PZ3";"2009-03-09";"200.91"
"03426X0226/PZ3";"2009-03-10";"200.92"
"03426X0226/PZ3";"2009-03-11";"200.91"
"03426X0226/PZ3";"2009-03-12";"200.93"
"03426X0226/PZ3";"2009-03-13";"200.94"
"03426X0226/PZ3";"2009-03-14";"200.94"
"03426X0226/PZ3";"2009-03-15";"200.93"
"03426X0226/PZ3";"2009-03-16";"200.94"
"03426X0226/PZ3";"2009-03-17";"200.95"
"03426X0226/PZ3";"2009-03-18";"200.96"
"03426X0226/PZ3";"2009-03-19";"200.97"
"03426X0226/PZ3";"2009-03-20";"200.97"
"03426X0226/PZ3";"2009-03-21";"200.98"
"03426X0226/PZ3";"2009-03-22";"200.99"
"03426X0226/PZ3";"2009-03-23";"201.03"
"03426X0226/PZ3";"2009-03-24";"201.02"
"03426X0226/PZ3";"2009-03-25";"201.04"
"03426X0226/PZ3";"2009-03-26";"201.03"
"03426X0226/PZ3";"2009-03-27";"201.04"
"03426X0226/PZ3";"2009-03-28";"201.05"
"03426X0226/PZ3";"2009-03-29";"201.04"
"03426X0226/PZ3";"2009-03-30";"201.03"
"03426X0226/PZ3";"2009-03-31";"201.04"
"03426X0226/PZ3";"2009-04-01";"201.05"
"03426X0226/PZ3";"2009-04-02";"201.06"
"03426X0226/PZ3";"2009-04-03";"201.04"
"03426X0226/PZ3";"2009-04-04";"201.04"
"03426X0226/PZ3";"2009-04-05";"201.05"
"03426X0226/PZ3";"2009-04-06";"201.07"
"03426X0226/PZ3";"2009-04-07";"201.07"
"03426X0226/PZ3";"2009-04-08";"201.06"
"03426X0226/PZ3";"2009-04-09";"201.07"
"03426X0226/PZ3";"2009-04-10";"201.08"
"03426X0226/PZ3";"2009-04-11";"201.08"
"03426X0226/PZ3";"2009-04-12";"201.08"
"03426X0226/PZ3";"2009-04-13";"201.08"
"03426X0226/PZ3";"2009-04-14";"201.08"
"03426X0226/PZ3";"2009-04-15";"201.08"
"03426X0226/PZ3";"2009-04-16";"201.08"
"03426X0226/PZ3";"2009-04-17";"201.08"
"03426X0226/PZ3";"2009-04-18";"201.07"
"03426X0226/PZ3";"2009-04-19";"201.06"
"03426X0226/PZ3";"2009-04-20";"201.06"
"03426X0226/PZ3";"2009-04-21";"201.07"
"03426X0226/PZ3";"2009-04-22";"201.07"
"03426X0226/PZ3";"2009-04-23";"201.06"
"03426X0226/PZ3";"2009-04-24";"201.08"
"03426X0226/PZ3";"2009-04-25";"201.08"
"03426X0226/PZ3";"2009-04-26";"201.1"
"03426X0226/PZ3";"2009-04-27";"201.09"
"03426X0226/PZ3";"2009-04-28";"201.1"
"03426X0226/PZ3";"2009-04-29";"201.08"
"03426X0226/PZ3";"2009-04-30";"201.05"
"03426X0226/PZ3";"2009-05-01";"201.05"
"03426X0226/PZ3";"2009-05-02";"201.04"
"03426X0226/PZ3";"2009-05-03";"201.05"
"03426X0226/PZ3";"2009-05-04";"201.05"
"03426X0226/PZ3";"2009-05-05";"201.05"
"03426X0226/PZ3";"2009-05-06";"201.06"
"03426X0226/PZ3";"2009-05-07";"201.07"
"03426X0226/PZ3";"2009-05-08";"201.07"
"03426X0226/PZ3";"2009-05-09";"201.07"
"03426X0226/PZ3";"2009-05-10";"201.06"
"03426X0226/PZ3";"2009-05-11";"201.07"
"03426X0226/PZ3";"2009-05-12";"201.07"
"03426X0226/PZ3";"2009-05-13";"201.07"
"03426X0226/PZ3";"2009-05-14";"201.09"
"03426X0226/PZ3";"2009-05-15";"201.09"
"03426X0226/PZ3";"2009-05-16";"201.09"
"03426X0226/PZ3";"2009-05-17";"201.1"
"03426X0226/PZ3";"2009-05-18";"201.1"
"03426X0226/PZ3";"2009-05-19";"201.11"
"03426X0226/PZ3";"2009-05-20";"201.12"
"03426X0226/PZ3";"2009-05-21";"201.13"
"03426X0226/PZ3";"2009-05-22";"201.13"
"03426X0226/PZ3";"2009-05-23";"201.14"
"03426X0226/PZ3";"2009-05-24";"201.14"
"03426X0226/PZ3";"2009-05-25";"201.16"
"03426X0226/PZ3";"2009-05-26";"201.16"
"03426X0226/PZ3";"2009-05-27";"201.14"
"03426X0226/PZ3";"2009-05-28";"201.14"
"03426X0226/PZ3";"2009-05-29";"201.15"
"03426X0226/PZ3";"2009-05-30";"201.17"
"03426X0226/PZ3";"2009-05-31";"201.17"
"03426X0226/PZ3";"2009-06-01";"201.17"
"03426X0226/PZ3";"2009-06-02";"201.17"
"03426X0226/PZ3";"2009-06-03";"201.17"
"03426X0226/PZ3";"2009-06-04";"201.17"
"03426X0226/PZ3";"2009-06-05";"201.19"
"03426X0226/PZ3";"2009-06-06";"201.2"
"03426X0226/PZ3";"2009-06-07";"201.18"
"03426X0226/PZ3";"2009-06-08";"201.17"
"03426X0226/PZ3";"2009-06-09";"201.17"
"03426X0226/PZ3";"2009-06-10";"201.17"
"03426X0226/PZ3";"2009-06-11";"201.17"
"03426X0226/PZ3";"2009-06-12";"201.16"
"03426X0226/PZ3";"2009-06-13";"201.16"
"03426X0226/PZ3";"2009-06-14";"201.17"
"03426X0226/PZ3";"2009-06-15";"201.19"
"03426X0226/PZ3";"2009-06-16";"201.16"
"03426X0226/PZ3";"2009-06-17";"201.18"
"03426X0226/PZ3";"2009-06-18";"201.18"
"03426X0226/PZ3";"2009-06-19";"201.18"
"03426X0226/PZ3";"2009-06-20";"201.18"
"03426X0226/PZ3";"2009-06-21";"201.18"
"03426X0226/PZ3";"2009-06-22";"201.18"
"03426X0226/PZ3";"2009-06-23";"201.19"
"03426X0226/PZ3";"2009-06-24";"201.2"
"03426X0226/PZ3";"2009-06-25";"201.2"
"03426X0226/PZ3";"2009-06-26";"201.2"
"03426X0226/PZ3";"2009-06-27";"201.19"
"03426X0226/PZ3";"2009-06-28";"201.19"
"03426X0226/PZ3";"2009-06-29";"201.18"
"03426X0226/PZ3";"2009-06-30";"201.18"
"03426X0226/PZ3";"2009-07-01";"201.18"
"03426X0226/PZ3";"2009-07-02";"201.18"
"03426X0226/PZ3";"2009-07-03";"201.18"
"03426X0226/PZ3";"2009-07-04";"201.19"
"03426X0226/PZ3";"2009-07-05";"201.19"
"03426X0226/PZ3";"2009-07-06";"201.18"
"03426X0226/PZ3";"2009-07-07";"201.18"
"03426X0226/PZ3";"2009-07-08";"201.18"
"03426X0226/PZ3";"2009-07-09";"201.17"
"03426X0226/PZ3";"2009-07-10";"201.17"
"03426X0226/PZ3";"2009-07-11";"201.17"
"03426X0226/PZ3";"2009-07-12";"201.18"
"03426X0226/PZ3";"2009-07-13";"201.18"
"03426X0226/PZ3";"2009-07-14";"201.18"
"03426X0226/PZ3";"2009-07-15";"201.18"
"03426X0226/PZ3";"2009-07-16";"201.22"
"03426X0226/PZ3";"2009-07-17";"201.23"
"03426X0226/PZ3";"2009-07-18";"201.24"
"03426X0226/PZ3";"2009-07-19";"201.25"
"03426X0226/PZ3";"2009-07-20";"201.26"
"03426X0226/PZ3";"2009-07-21";"201.28"
"03426X0226/PZ3";"2009-07-22";"201.29"
"03426X0226/PZ3";"2009-07-23";"201.29"
"03426X0226/PZ3";"2009-07-24";"201.27"
"03426X0226/PZ3";"2009-07-25";"201.26"
"03426X0226/PZ3";"2009-07-26";"201.28"
"03426X0226/PZ3";"2009-07-27";"201.29"
"03426X0226/PZ3";"2009-07-28";"201.28"
"03426X0226/PZ3";"2009-07-29";"201.3"
"03426X0226/PZ3";"2009-07-30";"201.3"
"03426X0226/PZ3";"2009-07-31";"201.29"
"03426X0226/PZ3";"2009-08-01";"201.31"
"03426X0226/PZ3";"2009-08-02";"201.32"
"03426X0226/PZ3";"2009-08-03";"201.3"
"03426X0226/PZ3";"2009-08-04";"201.29"
"03426X0226/PZ3";"2009-08-05";"201.3"
"03426X0226/PZ3";"2009-08-06";"201.31"
"03426X0226/PZ3";"2009-08-07";"201.31"
"03426X0226/PZ3";"2009-08-08";"201.3"
"03426X0226/PZ3";"2009-08-09";"201.31"
"03426X0226/PZ3";"2009-08-10";"201.31"
"03426X0226/PZ3";"2009-08-11";"201.31"
"03426X0226/PZ3";"2009-08-12";"201.32"
"03426X0226/PZ3";"2009-08-13";"201.33"
"03426X0226/PZ3";"2009-08-14";"201.32"
"03426X0226/PZ3";"2009-08-15";"201.32"
"03426X0226/PZ3";"2009-08-16";"201.32"
"03426X0226/PZ3";"2009-08-17";"201.32"
"03426X0226/PZ3";"2009-08-18";"201.3"
"03426X0226/PZ3";"2009-08-19";"201.3"
"03426X0226/PZ3";"2009-08-20";"201.31"
"03426X0226/PZ3";"2009-08-21";"201.3"
"03426X0226/PZ3";"2009-08-22";"201.29"
"03426X0226/PZ3";"2009-08-23";"201.31"
"03426X0226/PZ3";"2009-08-24";"201.33"
"03426X0226/PZ3";"2009-08-25";"201.31"
"03426X0226/PZ3";"2009-08-26";"201.3"
"03426X0226/PZ3";"2009-08-27";"201.29"
"03426X0226/PZ3";"2009-08-28";"201.29"
"03426X0226/PZ3";"2009-08-29";"201.28"
"03426X0226/PZ3";"2009-08-30";"201.28"
"03426X0226/PZ3";"2009-08-31";"201.29"
"03426X0226/PZ3";"2009-09-01";"201.29"
"03426X0226/PZ3";"2009-09-02";"201.29"
"03426X0226/PZ3";"2009-09-03";"201.3"
"03426X0226/PZ3";"2009-09-04";"201.29"
"03426X0226/PZ3";"2009-09-05";"201.25"
"03426X0226/PZ3";"2009-09-06";"201.25"
"03426X0226/PZ3";"2009-09-07";"201.25"
"03426X0226/PZ3";"2009-09-08";"201.25"
"03426X0226/PZ3";"2009-09-09";"201.25"
"03426X0226/PZ3";"2009-09-10";"201.24"
"03426X0226/PZ3";"2009-09-11";"201.24"
"03426X0226/PZ3";"2009-09-12";"201.25"
"03426X0226/PZ3";"2009-09-13";"201.25"
"03426X0226/PZ3";"2009-09-14";"201.25"
"03426X0226/PZ3";"2009-09-15";"201.25"
"03426X0226/PZ3";"2009-09-16";"201.25"
"03426X0226/PZ3";"2009-09-17";"201.24"
"03426X0226/PZ3";"2009-09-18";"201.23"
"03426X0226/PZ3";"2009-09-19";"201.22"
"03426X0226/PZ3";"2009-09-20";"201.21"
"03426X0226/PZ3";"2009-09-21";"201.2"
"03426X0226/PZ3";"2009-09-22";"201.2"
"03426X0226/PZ3";"2009-09-23";"201.2"
"03426X0226/PZ3";"2009-09-24";"201.2"
"03426X0226/PZ3";"2009-09-25";"201.19"
"03426X0226/PZ3";"2009-09-26";"201.19"
"03426X0226/PZ3";"2009-09-27";"201.18"
"03426X0226/PZ3";"2009-09-28";"201.18"
"03426X0226/PZ3";"2009-09-29";"201.18"
"03426X0226/PZ3";"2009-09-30";"201.18"
"03426X0226/PZ3";"2009-10-01";"201.18"
"03426X0226/PZ3";"2009-10-02";"201.17"
"03426X0226/PZ3";"2009-10-03";"201.17"
"03426X0226/PZ3";"2009-10-04";"201.16"
"03426X0226/PZ3";"2009-10-05";"201.16"
"03426X0226/PZ3";"2009-10-06";"201.15"
"03426X0226/PZ3";"2009-10-07";"201.16"
"03426X0226/PZ3";"2009-10-08";"201.15"
"03426X0226/PZ3";"2009-10-09";"201.14"
"03426X0226/PZ3";"2009-10-10";"201.15"
"03426X0226/PZ3";"2009-10-11";"201.14"
"03426X0226/PZ3";"2009-10-12";"201.16"
"03426X0226/PZ3";"2009-10-13";"201.13"
"03426X0226/PZ3";"2009-10-14";"201.12"
"03426X0226/PZ3";"2009-10-15";"201.13"
"03426X0226/PZ3";"2009-10-16";"201.12"
"03426X0226/PZ3";"2009-10-17";"201.12"
"03426X0226/PZ3";"2009-10-18";"201.11"
"03426X0226/PZ3";"2009-10-19";"201.13"
"03426X0226/PZ3";"2009-10-20";"201.13"
"03426X0226/PZ3";"2009-10-21";"201.14"
"03426X0226/PZ3";"2009-10-22";"201.13"
"03426X0226/PZ3";"2009-10-23";"201.1"
"03426X0226/PZ3";"2009-10-24";"201.09"
"03426X0226/PZ3";"2009-10-25";"201.1"
"03426X0226/PZ3";"2009-10-26";"201.08"
"03426X0226/PZ3";"2009-10-27";"201.07"
"03426X0226/PZ3";"2009-10-28";"201.08"
"03426X0226/PZ3";"2009-10-29";"201.07"
"03426X0226/PZ3";"2009-10-30";"201.06"
"03426X0226/PZ3";"2009-10-31";"201.05"
"03426X0226/PZ3";"2009-11-01";"201.1"
"03426X0226/PZ3";"2009-11-02";"201.1"
"03426X0226/PZ3";"2009-11-03";"201.09"
"03426X0226/PZ3";"2009-11-04";"201.11"
"03426X0226/PZ3";"2009-11-05";"201.07"
"03426X0226/PZ3";"2009-11-06";"201.05"
"03426X0226/PZ3";"2009-11-07";"201.06"
"03426X0226/PZ3";"2009-11-08";"201.05"
"03426X0226/PZ3";"2009-11-09";"201.04"
"03426X0226/PZ3";"2009-11-10";"201.03"
"03426X0226/PZ3";"2009-11-11";"201.04"
"03426X0226/PZ3";"2009-11-12";"201.05"
"03426X0226/PZ3";"2009-11-13";"201.03"
"03426X0226/PZ3";"2009-11-14";"201.04"
"03426X0226/PZ3";"2009-11-15";"201.03"
"03426X0226/PZ3";"2009-11-16";"201.03"
"03426X0226/PZ3";"2009-11-17";"201.04"
"03426X0226/PZ3";"2009-11-18";"201.01"
"03426X0226/PZ3";"2009-11-19";"201.01"
"03426X0226/PZ3";"2009-11-20";"201.02"
"03426X0226/PZ3";"2009-11-21";"201.02"
"03426X0226/PZ3";"2009-11-22";"201.03"
"03426X0226/PZ3";"2009-11-23";"201.04"
"03426X0226/PZ3";"2009-11-24";"201.03"
"03426X0226/PZ3";"2009-11-25";"201.03"
"03426X0226/PZ3";"2009-11-26";"201.01"
"03426X0226/PZ3";"2009-11-27";"201.02"
"03426X0226/PZ3";"2009-11-28";"201.01"
"03426X0226/PZ3";"2009-11-29";"201.03"
"03426X0226/PZ3";"2009-11-30";"201.02"
"03426X0226/PZ3";"2009-12-01";"201.0"
"03426X0226/PZ3";"2009-12-02";"201.0"
"03426X0226/PZ3";"2009-12-03";"201.01"
"03426X0226/PZ3";"2009-12-04";"201.0"
"03426X0226/PZ3";"2009-12-05";"201.0"
"03426X0226/PZ3";"2009-12-06";"201.0"
"03426X0226/PZ3";"2009-12-07";"201.0"
"03426X0226/PZ3";"2009-12-08";"201.0"
"03426X0226/PZ3";"2009-12-09";"200.97"
"03426X0226/PZ3";"2009-12-10";"200.98"
"03426X0226/PZ3";"2009-12-11";"200.99"
"03426X0226/PZ3";"2009-12-12";"201.0"
"03426X0226/PZ3";"2009-12-13";"201.0"
"03426X0226/PZ3";"2009-12-14";"201.01"
"03426X0226/PZ3";"2009-12-15";"201.02"
"03426X0226/PZ3";"2009-12-16";"201.01"
"03426X0226/PZ3";"2009-12-17";"201.01"
"03426X0226/PZ3";"2009-12-18";"201.02"
"03426X0226/PZ3";"2009-12-19";"201.01"
"03426X0226/PZ3";"2009-12-20";"201.01"
"03426X0226/PZ3";"2009-12-21";"201.03"
"03426X0226/PZ3";"2009-12-22";"201.03"
"03426X0226/PZ3";"2009-12-23";"201.06"
"03426X0226/PZ3";"2009-12-24";"201.08"
"03426X0226/PZ3";"2009-12-25";"201.08"
"03426X0226/PZ3";"2009-12-26";"201.09"
"03426X0226/PZ3";"2009-12-27";"201.11"
"03426X0226/PZ3";"2009-12-28";"201.12"
"03426X0226/PZ3";"2009-12-29";"201.14"
"03426X0226/PZ3";"2009-12-30";"201.16"
"03426X0226/PZ3";"2009-12-31";"201.18"
"03426X0226/PZ3";"2010-01-01";"201.19"
"03426X0226/PZ3";"2010-01-02";"201.15"
"03426X0226/PZ3";"2010-01-03";"201.18"
"03426X0226/PZ3";"2010-01-04";"201.2"
"03426X0226/PZ3";"2010-01-05";"201.22"
"03426X0226/PZ3";"2010-01-06";"201.22"
"03426X0226/PZ3";"2010-01-07";"201.22"
"03426X0226/PZ3";"2010-01-08";"201.22"
"03426X0226/PZ3";"2010-01-09";"201.23"
"03426X0226/PZ3";"2010-01-10";"201.22"
"03426X0226/PZ3";"2010-01-11";"201.22"
"03426X0226/PZ3";"2010-01-12";"201.24"
"03426X0226/PZ3";"2010-01-13";"201.25"
"03426X0226/PZ3";"2010-01-14";"201.24"
"03426X0226/PZ3";"2010-01-15";"201.21"
"03426X0226/PZ3";"2010-01-16";"201.24"
"03426X0226/PZ3";"2010-01-17";"201.24"
"03426X0226/PZ3";"2010-01-18";"201.22"
"03426X0226/PZ3";"2010-01-19";"201.24"
"03426X0226/PZ3";"2010-01-20";"201.25"
"03426X0226/PZ3";"2010-01-21";"201.24"
"03426X0226/PZ3";"2010-01-22";"201.23"
"03426X0226/PZ3";"2010-01-23";"201.24"
"03426X0226/PZ3";"2010-01-24";"201.25"
"03426X0226/PZ3";"2010-01-25";"201.24"
"03426X0226/PZ3";"2010-01-26";"201.23"
"03426X0226/PZ3";"2010-01-27";"201.26"
"03426X0226/PZ3";"2010-01-28";"201.29"
"03426X0226/PZ3";"2010-01-29";"201.31"
"03426X0226/PZ3";"2010-01-30";"201.29"
"03426X0226/PZ3";"2010-01-31";"201.26"
"03426X0226/PZ3";"2010-02-01";"201.25"
"03426X0226/PZ3";"2010-02-02";"201.25"
"03426X0226/PZ3";"2010-02-03";"201.27"
"03426X0226/PZ3";"2010-02-04";"201.26"
"03426X0226/PZ3";"2010-02-05";"201.27"
"03426X0226/PZ3";"2010-02-06";"201.26"
"03426X0226/PZ3";"2010-02-07";"201.25"
"03426X0226/PZ3";"2010-02-08";"201.28"
"03426X0226/PZ3";"2010-02-09";"201.28"
"03426X0226/PZ3";"2010-02-10";"201.27"
"03426X0226/PZ3";"2010-02-11";"201.27"
"03426X0226/PZ3";"2010-02-12";"201.25"
"03426X0226/PZ3";"2010-02-13";"201.24"
"03426X0226/PZ3";"2010-02-14";"201.26"
"03426X0226/PZ3";"2010-02-15";"201.26"
"03426X0226/PZ3";"2010-02-16";"201.28"
"03426X0226/PZ3";"2010-02-17";"201.29"
"03426X0226/PZ3";"2010-02-18";"201.28"
"03426X0226/PZ3";"2010-02-19";"201.29"
"03426X0226/PZ3";"2010-02-20";"201.27"
"03426X0226/PZ3";"2010-02-21";"201.27"
"03426X0226/PZ3";"2010-02-22";"201.29"
"03426X0226/PZ3";"2010-02-23";"201.28"
"03426X0226/PZ3";"2010-02-24";"201.28"
"03426X0226/PZ3";"2010-02-25";"201.29"
"03426X0226/PZ3";"2010-02-26";"201.3"
"03426X0226/PZ3";"2010-02-27";"201.32"
"03426X0226/PZ3";"2010-02-28";"201.33"
"03426X0226/PZ3";"2010-03-01";"201.28"
"03426X0226/PZ3";"2010-03-02";"201.28"
"03426X0226/PZ3";"2010-03-03";"201.32"
"03426X0226/PZ3";"2010-03-04";"201.32"
"03426X0226/PZ3";"2010-03-05";"201.3"
"03426X0226/PZ3";"2010-03-06";"201.32"
"03426X0226/PZ3";"2010-03-07";"201.31"
"03426X0226/PZ3";"2010-03-08";"201.32"
"03426X0226/PZ3";"2010-03-09";"201.33"
"03426X0226/PZ3";"2010-03-10";"201.34"
"03426X0226/PZ3";"2010-03-11";"201.34"
"03426X0226/PZ3";"2010-03-12";"201.34"
"03426X0226/PZ3";"2010-03-13";"201.32"
"03426X0226/PZ3";"2010-03-14";"201.33"
"03426X0226/PZ3";"2010-03-15";"201.34"
"03426X0226/PZ3";"2010-03-16";"201.34"
"03426X0226/PZ3";"2010-03-17";"201.35"
"03426X0226/PZ3";"2010-03-18";"201.37"
"03426X0226/PZ3";"2010-03-19";"201.37"
"03426X0226/PZ3";"2010-03-20";"201.38"
"03426X0226/PZ3";"2010-03-21";"201.38"
"03426X0226/PZ3";"2010-03-22";"201.38"
"03426X0226/PZ3";"2010-03-23";"201.39"
"03426X0226/PZ3";"2010-03-24";"201.4"
"03426X0226/PZ3";"2010-03-25";"201.4"
"03426X0226/PZ3";"2010-03-26";"201.41"
"03426X0226/PZ3";"2010-03-27";"201.4"
"03426X0226/PZ3";"2010-03-28";"201.4"
"03426X0226/PZ3";"2010-03-29";"201.44"
"03426X0226/PZ3";"2010-03-30";"201.45"
"03426X0226/PZ3";"2010-03-31";"201.43"
"03426X0226/PZ3";"2010-04-01";"201.42"
"03426X0226/PZ3";"2010-04-02";"201.42"
"03426X0226/PZ3";"2010-04-03";"201.42"
"03426X0226/PZ3";"2010-04-04";"201.42"
"03426X0226/PZ3";"2010-04-05";"201.39"
"03426X0226/PZ3";"2010-04-06";"201.42"
"03426X0226/PZ3";"2010-04-07";"201.42"
"03426X0226/PZ3";"2010-04-08";"201.4"
"03426X0226/PZ3";"2010-04-09";"201.39"
"03426X0226/PZ3";"2010-04-10";"201.41"
"03426X0226/PZ3";"2010-04-11";"201.42"
"03426X0226/PZ3";"2010-04-12";"201.43"
"03426X0226/PZ3";"2010-04-13";"201.43"
"03426X0226/PZ3";"2010-04-14";"201.42"
"03426X0226/PZ3";"2010-04-15";"201.42"
"03426X0226/PZ3";"2010-04-16";"201.41"
"03426X0226/PZ3";"2010-04-17";"201.42"
"03426X0226/PZ3";"2010-04-18";"201.43"
"03426X0226/PZ3";"2010-04-19";"201.42"
"03426X0226/PZ3";"2010-04-20";"201.41"
"03426X0226/PZ3";"2010-04-21";"201.41"
"03426X0226/PZ3";"2010-04-22";"201.42"
"03426X0226/PZ3";"2010-04-23";"201.43"
"03426X0226/PZ3";"2010-04-24";"201.41"
"03426X0226/PZ3";"2010-04-25";"201.4"
"03426X0226/PZ3";"2010-04-26";"201.39"
"03426X0226/PZ3";"2010-04-27";"201.39"
"03426X0226/PZ3";"2010-04-28";"201.4"
"03426X0226/PZ3";"2010-04-29";"201.42"
"03426X0226/PZ3";"2010-04-30";"201.42"
"03426X0226/PZ3";"2010-05-01";"201.42"
"03426X0226/PZ3";"2010-05-02";"201.42"
"03426X0226/PZ3";"2010-05-03";"201.41"
"03426X0226/PZ3";"2010-05-04";"201.4"
"03426X0226/PZ3";"2010-05-05";"201.42"
"03426X0226/PZ3";"2010-05-06";"201.42"
"03426X0226/PZ3";"2010-05-07";"201.41"
"03426X0226/PZ3";"2010-05-08";"201.4"
"03426X0226/PZ3";"2010-05-09";"201.41"
"03426X0226/PZ3";"2010-05-10";"201.41"
"03426X0226/PZ3";"2010-05-11";"201.42"
"03426X0226/PZ3";"2010-05-12";"201.41"
"03426X0226/PZ3";"2010-05-13";"201.42"
"03426X0226/PZ3";"2010-05-14";"201.44"
"03426X0226/PZ3";"2010-05-15";"201.44"
"03426X0226/PZ3";"2010-05-16";"201.44"
"03426X0226/PZ3";"2010-05-17";"201.43"
"03426X0226/PZ3";"2010-05-18";"201.43"
"03426X0226/PZ3";"2010-05-19";"201.44"
"03426X0226/PZ3";"2010-05-20";"201.43"
"03426X0226/PZ3";"2010-05-21";"201.43"
"03426X0226/PZ3";"2010-05-22";"201.45"
"03426X0226/PZ3";"2010-05-23";"201.45"
"03426X0226/PZ3";"2010-05-24";"201.46"
"03426X0226/PZ3";"2010-05-25";"201.47"
"03426X0226/PZ3";"2010-05-26";"201.47"
"03426X0226/PZ3";"2010-05-27";"201.46"
"03426X0226/PZ3";"2010-05-28";"201.45"
"03426X0226/PZ3";"2010-05-29";"201.44"
"03426X0226/PZ3";"2010-05-30";"201.46"
"03426X0226/PZ3";"2010-05-31";"201.44"
"03426X0226/PZ3";"2010-06-01";"201.44"
"03426X0226/PZ3";"2010-06-02";"201.44"
"03426X0226/PZ3";"2010-06-03";"201.43"
"03426X0226/PZ3";"2010-06-04";"201.42"
"03426X0226/PZ3";"2010-06-05";"201.43"
"03426X0226/PZ3";"2010-06-06";"201.44"
"03426X0226/PZ3";"2010-06-07";"201.43"
"03426X0226/PZ3";"2010-06-08";"201.43"
"03426X0226/PZ3";"2010-06-09";"201.44"
"03426X0226/PZ3";"2010-06-10";"201.44"
"03426X0226/PZ3";"2010-06-11";"201.43"
"03426X0226/PZ3";"2010-06-12";"201.43"
"03426X0226/PZ3";"2010-06-13";"201.44"
"03426X0226/PZ3";"2010-06-14";"201.44"
"03426X0226/PZ3";"2010-06-15";"201.44"
"03426X0226/PZ3";"2010-06-16";"201.45"
"03426X0226/PZ3";"2010-06-17";"201.45"
"03426X0226/PZ3";"2010-06-18";"201.45"
"03426X0226/PZ3";"2010-06-19";"201.46"
"03426X0226/PZ3";"2010-06-20";"201.45"
"03426X0226/PZ3";"2010-06-21";"201.44"
"03426X0226/PZ3";"2010-06-22";"201.43"
"03426X0226/PZ3";"2010-06-23";"201.45"
"03426X0226/PZ3";"2010-06-24";"201.44"
"03426X0226/PZ3";"2010-06-25";"201.45"
"03426X0226/PZ3";"2010-06-26";"201.44"
"03426X0226/PZ3";"2010-06-27";"201.43"
"03426X0226/PZ3";"2010-06-28";"201.43"
"03426X0226/PZ3";"2010-06-29";"201.42"
"03426X0226/PZ3";"2010-06-30";"201.41"
"03426X0226/PZ3";"2010-07-01";"201.41"
"03426X0226/PZ3";"2010-07-02";"201.4"
"03426X0226/PZ3";"2010-07-03";"201.39"
"03426X0226/PZ3";"2010-07-04";"201.39"
"03426X0226/PZ3";"2010-07-05";"201.38"
"03426X0226/PZ3";"2010-07-06";"201.38"
"03426X0226/PZ3";"2010-07-07";"201.38"
"03426X0226/PZ3";"2010-07-08";"201.38"
"03426X0226/PZ3";"2010-07-09";"201.37"
"03426X0226/PZ3";"2010-07-10";"201.37"
"03426X0226/PZ3";"2010-07-11";"201.36"
"03426X0226/PZ3";"2010-07-12";"201.36"
"03426X0226/PZ3";"2010-07-13";"201.39"
"03426X0226/PZ3";"2010-07-14";"201.41"
"03426X0226/PZ3";"2010-07-15";"201.37"
"03426X0226/PZ3";"2010-07-16";"201.38"
"03426X0226/PZ3";"2010-07-17";"201.37"
"03426X0226/PZ3";"2010-07-18";"201.36"
"03426X0226/PZ3";"2010-07-19";"201.38"
"03426X0226/PZ3";"2010-07-20";"201.39"
"03426X0226/PZ3";"2010-07-21";"201.39"
"03426X0226/PZ3";"2010-07-22";"201.38"
"03426X0226/PZ3";"2010-07-23";"201.38"
"03426X0226/PZ3";"2010-07-24";"201.4"
"03426X0226/PZ3";"2010-07-25";"201.42"
"03426X0226/PZ3";"2010-07-26";"201.43"
"03426X0226/PZ3";"2010-07-27";"201.42"
"03426X0226/PZ3";"2010-07-28";"201.43"
"03426X0226/PZ3";"2010-07-29";"201.44"
"03426X0226/PZ3";"2010-07-30";"201.43"
"03426X0226/PZ3";"2010-07-31";"201.43"
"03426X0226/PZ3";"2010-08-01";"201.43"
"03426X0226/PZ3";"2010-08-02";"201.42"
"03426X0226/PZ3";"2010-08-03";"201.44"
"03426X0226/PZ3";"2010-08-04";"201.46"
"03426X0226/PZ3";"2010-08-05";"201.46"
"03426X0226/PZ3";"2010-08-06";"201.45"
"03426X0226/PZ3";"2010-08-07";"201.45"
"03426X0226/PZ3";"2010-08-08";"201.45"
"03426X0226/PZ3";"2010-08-09";"201.46"
"03426X0226/PZ3";"2010-08-10";"201.46"
"03426X0226/PZ3";"2010-08-11";"201.46"
"03426X0226/PZ3";"2010-08-12";"201.47"
"03426X0226/PZ3";"2010-08-13";"201.47"
"03426X0226/PZ3";"2010-08-14";"201.48"
"03426X0226/PZ3";"2010-08-15";"201.51"
"03426X0226/PZ3";"2010-08-16";"201.54"
"03426X0226/PZ3";"2010-08-17";"201.55"
"03426X0226/PZ3";"2010-08-18";"201.57"
"03426X0226/PZ3";"2010-08-19";"201.56"
"03426X0226/PZ3";"2010-08-20";"201.56"
"03426X0226/PZ3";"2010-08-21";"201.56"
"03426X0226/PZ3";"2010-08-22";"201.58"
"03426X0226/PZ3";"2010-08-23";"201.59"
"03426X0226/PZ3";"2010-08-24";"201.59"
"03426X0226/PZ3";"2010-08-25";"201.57"
"03426X0226/PZ3";"2010-08-26";"201.6"
"03426X0226/PZ3";"2010-08-27";"201.58"
"03426X0226/PZ3";"2010-08-28";"201.57"
"03426X0226/PZ3";"2010-08-29";"201.6"
"03426X0226/PZ3";"2010-08-30";"201.61"
"03426X0226/PZ3";"2010-08-31";"201.59"
"03426X0226/PZ3";"2010-09-01";"201.6"
"03426X0226/PZ3";"2010-09-02";"201.6"
"03426X0226/PZ3";"2010-09-03";"201.59"
"03426X0226/PZ3";"2010-09-04";"201.59"
"03426X0226/PZ3";"2010-09-05";"201.59"
"03426X0226/PZ3";"2010-09-06";"201.61"
"03426X0226/PZ3";"2010-09-07";"201.61"
"03426X0226/PZ3";"2010-09-08";"201.62"
"03426X0226/PZ3";"2010-09-09";"201.59"
"03426X0226/PZ3";"2010-09-10";"201.59"
"03426X0226/PZ3";"2010-09-11";"201.6"
"03426X0226/PZ3";"2010-09-12";"201.61"
"03426X0226/PZ3";"2010-09-13";"201.58"
"03426X0226/PZ3";"2010-09-14";"201.61"
"03426X0226/PZ3";"2010-09-15";"201.62"
"03426X0226/PZ3";"2010-09-16";"201.62"
"03426X0226/PZ3";"2010-09-17";"201.62"
"03426X0226/PZ3";"2010-09-18";"201.61"
"03426X0226/PZ3";"2010-09-19";"201.6"
"03426X0226/PZ3";"2010-09-20";"201.6"
"03426X0226/PZ3";"2010-09-21";"201.54"
"03426X0226/PZ3";"2010-09-22";"201.59"
"03426X0226/PZ3";"2010-09-23";"201.61"
"03426X0226/PZ3";"2010-09-24";"201.62"
"03426X0226/PZ3";"2010-09-25";"201.6"
"03426X0226/PZ3";"2010-09-26";"201.58"
"03426X0226/PZ3";"2010-09-27";"201.57"
"03426X0226/PZ3";"2010-09-28";"201.52"
"03426X0226/PZ3";"2010-09-29";"201.54"
"03426X0226/PZ3";"2010-09-30";"201.55"
"03426X0226/PZ3";"2010-10-01";"201.54"
"03426X0226/PZ3";"2010-10-02";"201.54"
"03426X0226/PZ3";"2010-10-03";"201.55"
"03426X0226/PZ3";"2010-10-04";"201.56"
"03426X0226/PZ3";"2010-10-05";"201.54"
"03426X0226/PZ3";"2010-10-06";"201.51"
"03426X0226/PZ3";"2010-10-07";"201.5"
"03426X0226/PZ3";"2010-10-08";"201.49"
"03426X0226/PZ3";"2010-10-09";"201.49"
"03426X0226/PZ3";"2010-10-10";"201.5"
"03426X0226/PZ3";"2010-10-11";"201.49"
"03426X0226/PZ3";"2010-10-12";"201.48"
"03426X0226/PZ3";"2010-10-13";"201.47"
"03426X0226/PZ3";"2010-10-14";"201.46"
"03426X0226/PZ3";"2010-10-15";"201.45"
"03426X0226/PZ3";"2010-10-16";"201.45"
"03426X0226/PZ3";"2010-10-17";"201.44"
"03426X0226/PZ3";"2010-10-18";"201.42"
"03426X0226/PZ3";"2010-10-19";"201.44"
"03426X0226/PZ3";"2010-10-20";"201.44"
"03426X0226/PZ3";"2010-10-21";"201.4"
"03426X0226/PZ3";"2010-10-22";"201.4"
"03426X0226/PZ3";"2010-10-23";"201.42"
"03426X0226/PZ3";"2010-10-24";"201.41"
"03426X0226/PZ3";"2010-10-25";"201.39"
"03426X0226/PZ3";"2010-10-26";"201.36"
"03426X0226/PZ3";"2010-10-27";"201.36"
"03426X0226/PZ3";"2010-10-28";"201.36"
"03426X0226/PZ3";"2010-10-29";"201.38"
"03426X0226/PZ3";"2010-10-30";"201.38"
"03426X0226/PZ3";"2010-10-31";"201.38"
"03426X0226/PZ3";"2010-11-01";"201.36"
"03426X0226/PZ3";"2010-11-02";"201.33"
"03426X0226/PZ3";"2010-11-03";"201.31"
"03426X0226/PZ3";"2010-11-04";"201.3"
"03426X0226/PZ3";"2010-11-05";"201.29"
"03426X0226/PZ3";"2010-11-06";"201.32"
"03426X0226/PZ3";"2010-11-07";"201.33"
"03426X0226/PZ3";"2010-11-08";"201.37"
"03426X0226/PZ3";"2010-11-09";"201.37"
"03426X0226/PZ3";"2010-11-10";"201.33"
"03426X0226/PZ3";"2010-11-11";"201.31"
"03426X0226/PZ3";"2010-11-12";"201.31"
"03426X0226/PZ3";"2010-11-13";"201.28"
"03426X0226/PZ3";"2010-11-14";"201.29"
"03426X0226/PZ3";"2010-11-15";"201.26"
"03426X0226/PZ3";"2010-11-16";"201.25"
"03426X0226/PZ3";"2010-11-17";"201.28"
"03426X0226/PZ3";"2010-11-18";"201.27"
"03426X0226/PZ3";"2010-11-19";"201.25"
"03426X0226/PZ3";"2010-11-20";"201.26"
"03426X0226/PZ3";"2010-11-21";"201.26"
"03426X0226/PZ3";"2010-11-22";"201.27"
"03426X0226/PZ3";"2010-11-23";"201.25"
"03426X0226/PZ3";"2010-11-24";"201.23"
"03426X0226/PZ3";"2010-11-25";"201.24"
"03426X0226/PZ3";"2010-11-26";"201.23"
"03426X0226/PZ3";"2010-11-27";"201.22"
"03426X0226/PZ3";"2010-11-28";"201.22"
"03426X0226/PZ3";"2010-11-29";"201.21"
"03426X0226/PZ3";"2010-11-30";"201.21"
"03426X0226/PZ3";"2010-12-01";"201.21"
"03426X0226/PZ3";"2010-12-02";"201.18"
"03426X0226/PZ3";"2010-12-03";"201.17"
"03426X0226/PZ3";"2010-12-04";"201.15"
"03426X0226/PZ3";"2010-12-05";"201.18"
"03426X0226/PZ3";"2010-12-06";"201.19"
"03426X0226/PZ3";"2010-12-07";"201.19"
"03426X0226/PZ3";"2010-12-08";"201.22"
"03426X0226/PZ3";"2010-12-09";"201.19"
"03426X0226/PZ3";"2010-12-10";"201.22"
"03426X0226/PZ3";"2010-12-11";"201.25"
"03426X0226/PZ3";"2010-12-12";"201.26"
"03426X0226/PZ3";"2010-12-13";"201.26"
"03426X0226/PZ3";"2010-12-14";"201.26"
"03426X0226/PZ3";"2010-12-15";"201.26"
"03426X0226/PZ3";"2010-12-16";"201.31"
"03426X0226/PZ3";"2010-12-17";"201.32"
"03426X0226/PZ3";"2010-12-18";"201.29"
"03426X0226/PZ3";"2010-12-19";"201.3"
"03426X0226/PZ3";"2010-12-20";"201.29"
"03426X0226/PZ3";"2010-12-21";"201.29"
"03426X0226/PZ3";"2010-12-22";"201.3"
"03426X0226/PZ3";"2010-12-23";"201.32"
"03426X0226/PZ3";"2010-12-24";"201.31"
"03426X0226/PZ3";"2010-12-25";"201.29"
"03426X0226/PZ3";"2010-12-26";"201.28"
"03426X0226/PZ3";"2010-12-27";"201.3"
"03426X0226/PZ3";"2010-12-28";"201.31"
"03426X0226/PZ3";"2010-12-29";"201.31"
"03426X0226/PZ3";"2010-12-30";"201.31"
"03426X0226/PZ3";"2010-12-31";"201.32"
"03426X0226/PZ3";"2011-01-01";"201.33"
"03426X0226/PZ3";"2011-01-02";"201.33"
"03426X0226/PZ3";"2011-01-03";"201.34"
"03426X0226/PZ3";"2011-01-04";"201.35"
"03426X0226/PZ3";"2011-01-05";"201.37"
"03426X0226/PZ3";"2011-01-06";"201.38"
"03426X0226/PZ3";"2011-01-07";"201.37"
"03426X0226/PZ3";"2011-01-08";"201.38"
"03426X0226/PZ3";"2011-01-09";"201.38"
"03426X0226/PZ3";"2011-01-10";"201.39"
"03426X0226/PZ3";"2011-01-11";"201.41"
"03426X0226/PZ3";"2011-01-12";"201.4"
"03426X0226/PZ3";"2011-01-18";"201.47"
"03426X0226/PZ3";"2011-01-19";"201.47"
"03426X0226/PZ3";"2011-01-20";"201.48"
"03426X0226/PZ3";"2011-01-21";"201.48"
"03426X0226/PZ3";"2011-01-22";"201.49"
"03426X0226/PZ3";"2011-01-23";"201.5"
"03426X0226/PZ3";"2011-01-24";"201.51"
"03426X0226/PZ3";"2011-01-25";"201.54"
"03426X0226/PZ3";"2011-01-26";"201.55"
"03426X0226/PZ3";"2011-01-27";"201.54"
"03426X0226/PZ3";"2011-01-28";"201.54"
"03426X0226/PZ3";"2011-01-29";"201.55"
"03426X0226/PZ3";"2011-01-30";"201.55"
"03426X0226/PZ3";"2011-01-31";"201.54"
"03426X0226/PZ3";"2011-02-01";"201.54"
"03426X0226/PZ3";"2011-02-02";"201.55"
"03426X0226/PZ3";"2011-02-03";"201.55"
"03426X0226/PZ3";"2011-02-04";"201.56"
"03426X0226/PZ3";"2011-02-05";"201.57"
"03426X0226/PZ3";"2011-02-06";"201.58"
"03426X0226/PZ3";"2011-02-07";"201.6"
"03426X0226/PZ3";"2011-02-08";"201.59"
"03426X0226/PZ3";"2011-02-09";"201.6"
"03426X0226/PZ3";"2011-02-10";"201.61"
"03426X0226/PZ3";"2011-02-11";"201.62"
"03426X0226/PZ3";"2011-02-12";"201.62"
"03426X0226/PZ3";"2011-02-13";"201.63"
"03426X0226/PZ3";"2011-02-14";"201.64"
"03426X0226/PZ3";"2011-02-15";"201.65"
"03426X0226/PZ3";"2011-02-16";"201.66"
"03426X0226/PZ3";"2011-02-17";"201.65"
"03426X0226/PZ3";"2011-02-18";"201.63"
"03426X0226/PZ3";"2011-02-19";"201.63"
"03426X0226/PZ3";"2011-02-20";"201.64"
"03426X0226/PZ3";"2011-02-21";"201.64"
"03426X0226/PZ3";"2011-02-22";"201.64"
"03426X0226/PZ3";"2011-02-23";"201.62"
"03426X0226/PZ3";"2011-02-24";"201.62"
"03426X0226/PZ3";"2011-02-25";"201.62"
"03426X0226/PZ3";"2011-02-26";"201.66"
"03426X0226/PZ3";"2011-02-27";"201.66"
"03426X0226/PZ3";"2011-02-28";"201.64"
"03426X0226/PZ3";"2011-03-01";"201.64"
"03426X0226/PZ3";"2011-03-02";"201.65"
"03426X0226/PZ3";"2011-03-03";"201.64"
"03426X0226/PZ3";"2011-03-04";"201.64"
"03426X0226/PZ3";"2011-03-05";"201.65"
"03426X0226/PZ3";"2011-03-06";"201.64"
"03426X0226/PZ3";"2011-03-07";"201.64"
"03426X0226/PZ3";"2011-03-08";"201.65"
"03426X0226/PZ3";"2011-03-09";"201.66"
"03426X0226/PZ3";"2011-03-10";"201.66"
"03426X0226/PZ3";"2011-03-11";"201.66"
"03426X0226/PZ3";"2011-03-12";"201.68"
"03426X0226/PZ3";"2011-03-13";"201.68"
"03426X0226/PZ3";"2011-03-14";"201.66"
"03426X0226/PZ3";"2011-03-15";"201.67"
"03426X0226/PZ3";"2011-03-16";"201.68"
"03426X0226/PZ3";"2011-03-17";"201.68"
"03426X0226/PZ3";"2011-03-18";"201.63"
"03426X0226/PZ3";"2011-03-19";"201.63"
"03426X0226/PZ3";"2011-03-20";"201.62"
"03426X0226/PZ3";"2011-03-21";"201.62"
"03426X0226/PZ3";"2011-03-22";"201.62"
"03426X0226/PZ3";"2011-03-23";"201.61"
"03426X0226/PZ3";"2011-03-24";"201.63"
"03426X0226/PZ3";"2011-03-25";"201.66"
"03426X0226/PZ3";"2011-03-26";"201.66"
"03426X0226/PZ3";"2011-03-27";"201.66"
"03426X0226/PZ3";"2011-03-28";"201.66"
"03426X0226/PZ3";"2011-03-29";"201.67"
"03426X0226/PZ3";"2011-03-30";"201.66"
"03426X0226/PZ3";"2011-03-31";"201.65"
"03426X0226/PZ3";"2011-04-01";"201.65"
"03426X0226/PZ3";"2011-04-02";"201.67"
"03426X0226/PZ3";"2011-04-03";"201.67"
"03426X0226/PZ3";"2011-04-04";"201.66"
"03426X0226/PZ3";"2011-04-05";"201.63"
"03426X0226/PZ3";"2011-04-06";"201.63"
"03426X0226/PZ3";"2011-04-07";"201.64"
"03426X0226/PZ3";"2011-04-08";"201.65"
"03426X0226/PZ3";"2011-04-09";"201.65"
"03426X0226/PZ3";"2011-04-10";"201.64"
"03426X0226/PZ3";"2011-04-11";"201.64"
"03426X0226/PZ3";"2011-04-12";"201.64"
"03426X0226/PZ3";"2011-04-13";"201.63"
"03426X0226/PZ3";"2011-04-14";"201.64"
"03426X0226/PZ3";"2011-04-15";"201.63"
"03426X0226/PZ3";"2011-04-16";"201.61"
"03426X0226/PZ3";"2011-04-17";"201.6"
"03426X0226/PZ3";"2011-04-18";"201.62"
"03426X0226/PZ3";"2011-04-19";"201.62"
"03426X0226/PZ3";"2011-04-20";"201.61"
"03426X0226/PZ3";"2011-04-21";"201.61"
"03426X0226/PZ3";"2011-04-22";"201.62"
"03426X0226/PZ3";"2011-04-23";"201.61"
"03426X0226/PZ3";"2011-04-24";"201.59"
"03426X0226/PZ3";"2011-04-25";"201.58"
"03426X0226/PZ3";"2011-04-26";"201.58"
"03426X0226/PZ3";"2011-04-27";"201.58"
"03426X0226/PZ3";"2011-04-28";"201.59"
"03426X0226/PZ3";"2011-04-29";"201.59"
"03426X0226/PZ3";"2011-04-30";"201.59"
"03426X0226/PZ3";"2011-05-01";"201.57"
"03426X0226/PZ3";"2011-05-02";"201.58"
"03426X0226/PZ3";"2011-05-03";"201.57"
"03426X0226/PZ3";"2011-05-04";"201.54"
"03426X0226/PZ3";"2011-05-05";"201.54"
"03426X0226/PZ3";"2011-05-06";"201.54"
"03426X0226/PZ3";"2011-05-07";"201.54"
"03426X0226/PZ3";"2011-05-08";"201.53"
"03426X0226/PZ3";"2011-05-09";"201.52"
"03426X0226/PZ3";"2011-05-10";"201.52"
"03426X0226/PZ3";"2011-05-11";"201.52"
"03426X0226/PZ3";"2011-05-12";"201.53"
"03426X0226/PZ3";"2011-05-13";"201.53"
"03426X0226/PZ3";"2011-05-14";"201.53"
"03426X0226/PZ3";"2011-05-15";"201.51"
"03426X0226/PZ3";"2011-05-16";"201.5"
"03426X0226/PZ3";"2011-05-17";"201.51"
"03426X0226/PZ3";"2011-05-18";"201.52"
"03426X0226/PZ3";"2011-05-19";"201.51"
"03426X0226/PZ3";"2011-05-20";"201.49"
"03426X0226/PZ3";"2011-05-21";"201.49"
"03426X0226/PZ3";"2011-05-22";"201.49"
"03426X0226/PZ3";"2011-05-23";"201.48"
"03426X0226/PZ3";"2011-05-24";"201.48"
"03426X0226/PZ3";"2011-05-25";"201.48"
"03426X0226/PZ3";"2011-05-26";"201.49"
"03426X0226/PZ3";"2011-05-27";"201.47"
"03426X0226/PZ3";"2011-05-28";"201.47"
"03426X0226/PZ3";"2011-05-29";"201.46"
"03426X0226/PZ3";"2011-05-30";"201.47"
"03426X0226/PZ3";"2011-05-31";"201.46"
"03426X0226/PZ3";"2011-06-01";"201.43"
"03426X0226/PZ3";"2011-06-02";"201.43"
"03426X0226/PZ3";"2011-06-03";"201.44"
"03426X0226/PZ3";"2011-06-04";"201.45"
"03426X0226/PZ3";"2011-06-05";"201.45"
"03426X0226/PZ3";"2011-06-06";"201.45"
"03426X0226/PZ3";"2011-06-07";"201.44"
"03426X0226/PZ3";"2011-06-08";"201.43"
"03426X0226/PZ3";"2011-06-09";"201.41"
"03426X0226/PZ3";"2011-06-10";"201.41"
"03426X0226/PZ3";"2011-06-11";"201.41"
"03426X0226/PZ3";"2011-06-12";"201.41"
"03426X0226/PZ3";"2011-06-13";"201.4"
"03426X0226/PZ3";"2011-06-14";"201.4"
"03426X0226/PZ3";"2011-06-15";"201.4"
"03426X0226/PZ3";"2011-06-16";"201.41"
"03426X0226/PZ3";"2011-06-17";"201.42"
"03426X0226/PZ3";"2011-06-18";"201.41"
"03426X0226/PZ3";"2011-06-19";"201.4"
"03426X0226/PZ3";"2011-06-20";"201.41"
"03426X0226/PZ3";"2011-06-21";"201.42"
"03426X0226/PZ3";"2011-06-22";"201.43"
"03426X0226/PZ3";"2011-06-23";"201.42"
"03426X0226/PZ3";"2011-06-24";"201.42"
"03426X0226/PZ3";"2011-06-25";"201.42"
"03426X0226/PZ3";"2011-06-26";"201.43"
"03426X0226/PZ3";"2011-06-27";"201.44"
"03426X0226/PZ3";"2011-06-28";"201.44"
"03426X0226/PZ3";"2011-06-29";"201.43"
"03426X0226/PZ3";"2011-06-30";"201.44"
"03426X0226/PZ3";"2011-07-01";"201.45"
"03426X0226/PZ3";"2011-07-02";"201.47"
"03426X0226/PZ3";"2011-07-03";"201.47"
"03426X0226/PZ3";"2011-07-04";"201.47"
"03426X0226/PZ3";"2011-07-05";"201.48"
"03426X0226/PZ3";"2011-07-06";"201.47"
"03426X0226/PZ3";"2011-07-07";"201.47"
"03426X0226/PZ3";"2011-07-08";"201.47"
"03426X0226/PZ3";"2011-07-09";"201.46"
"03426X0226/PZ3";"2011-07-10";"201.47"
"03426X0226/PZ3";"2011-07-11";"201.47"
"03426X0226/PZ3";"2011-07-12";"201.49"
"03426X0226/PZ3";"2011-07-13";"201.49"
"03426X0226/PZ3";"2011-07-14";"201.47"
"03426X0226/PZ3";"2011-07-15";"201.48"
"03426X0226/PZ3";"2011-07-16";"201.51"
"03426X0226/PZ3";"2011-07-17";"201.51"
"03426X0226/PZ3";"2011-07-18";"201.5"
"03426X0226/PZ3";"2011-07-19";"201.51"
"03426X0226/PZ3";"2011-07-20";"201.49"
"03426X0226/PZ3";"2011-07-21";"201.49"
"03426X0226/PZ3";"2011-07-22";"201.49"
"03426X0226/PZ3";"2011-07-23";"201.49"
"03426X0226/PZ3";"2011-07-24";"201.49"
"03426X0226/PZ3";"2011-07-25";"201.5"
"03426X0226/PZ3";"2011-07-26";"201.49"
"03426X0226/PZ3";"2011-07-27";"201.48"
"03426X0226/PZ3";"2011-07-28";"201.48"
"03426X0226/PZ3";"2011-07-29";"201.48"
"03426X0226/PZ3";"2011-07-30";"201.48"
"03426X0226/PZ3";"2011-07-31";"201.48"
"03426X0226/PZ3";"2011-08-01";"201.48"
"03426X0226/PZ3";"2011-08-02";"201.48"
"03426X0226/PZ3";"2011-08-03";"201.47"
"03426X0226/PZ3";"2011-08-04";"201.47"
"03426X0226/PZ3";"2011-08-05";"201.47"
"03426X0226/PZ3";"2011-08-06";"201.51"
"03426X0226/PZ3";"2011-08-07";"201.5"
"03426X0226/PZ3";"2011-08-08";"201.51"
"03426X0226/PZ3";"2011-08-09";"201.49"
"03426X0226/PZ3";"2011-08-10";"201.5"
"03426X0226/PZ3";"2011-08-11";"201.52"
"03426X0226/PZ3";"2011-08-12";"201.52"
"03426X0226/PZ3";"2011-08-13";"201.52"
"03426X0226/PZ3";"2011-08-14";"201.52"
"03426X0226/PZ3";"2011-08-15";"201.5"
"03426X0226/PZ3";"2011-08-16";"201.5"
"03426X0226/PZ3";"2011-08-17";"201.51"
"03426X0226/PZ3";"2011-08-18";"201.51"
"03426X0226/PZ3";"2011-08-19";"201.49"
"03426X0226/PZ3";"2011-08-20";"201.48"
"03426X0226/PZ3";"2011-08-21";"201.49"
"03426X0226/PZ3";"2011-08-22";"201.49"
"03426X0226/PZ3";"2011-08-23";"201.49"
"03426X0226/PZ3";"2011-08-24";"201.47"
"03426X0226/PZ3";"2011-08-25";"201.47"
"03426X0226/PZ3";"2011-08-26";"201.48"
"03426X0226/PZ3";"2011-08-27";"201.45"
"03426X0226/PZ3";"2011-08-28";"201.47"
"03426X0226/PZ3";"2011-08-29";"201.47"
"03426X0226/PZ3";"2011-08-30";"201.48"
"03426X0226/PZ3";"2011-08-31";"201.48"
"03426X0226/PZ3";"2011-09-01";"201.47"
"03426X0226/PZ3";"2011-09-02";"201.47"
"03426X0226/PZ3";"2011-09-03";"201.47"
"03426X0226/PZ3";"2011-09-04";"201.46"
"03426X0226/PZ3";"2011-09-05";"201.45"
"03426X0226/PZ3";"2011-09-06";"201.45"
"03426X0226/PZ3";"2011-09-07";"201.46"
"03426X0226/PZ3";"2011-09-08";"201.46"
"03426X0226/PZ3";"2011-09-09";"201.45"
"03426X0226/PZ3";"2011-09-10";"201.45"
"03426X0226/PZ3";"2011-09-11";"201.45"
"03426X0226/PZ3";"2011-09-12";"201.43"
"03426X0226/PZ3";"2011-09-13";"201.43"
"03426X0226/PZ3";"2011-09-14";"201.42"
"03426X0226/PZ3";"2011-09-15";"201.41"
"03426X0226/PZ3";"2011-09-16";"201.42"
"03426X0226/PZ3";"2011-09-17";"201.42"
"03426X0226/PZ3";"2011-09-18";"201.43"
"03426X0226/PZ3";"2011-09-19";"201.41"
"03426X0226/PZ3";"2011-09-20";"201.39"
"03426X0226/PZ3";"2011-09-21";"201.39"
"03426X0226/PZ3";"2011-09-22";"201.39"
"03426X0226/PZ3";"2011-09-23";"201.39"
"03426X0226/PZ3";"2011-09-24";"201.39"
"03426X0226/PZ3";"2011-09-25";"201.37"
"03426X0226/PZ3";"2011-09-26";"201.36"
"03426X0226/PZ3";"2011-09-27";"201.35"
"03426X0226/PZ3";"2011-09-28";"201.35"
"03426X0226/PZ3";"2011-09-29";"201.35"
"03426X0226/PZ3";"2011-09-30";"201.34"
"03426X0226/PZ3";"2011-10-01";"201.33"
"03426X0226/PZ3";"2011-10-02";"201.33"
"03426X0226/PZ3";"2011-10-03";"201.33"
"03426X0226/PZ3";"2011-10-04";"201.33"
"03426X0226/PZ3";"2011-10-05";"201.33"
"03426X0226/PZ3";"2011-10-06";"201.35"
"03426X0226/PZ3";"2011-10-07";"201.33"
"03426X0226/PZ3";"2011-10-08";"201.32"
"03426X0226/PZ3";"2011-10-09";"201.31"
"03426X0226/PZ3";"2011-10-10";"201.31"
"03426X0226/PZ3";"2011-10-11";"201.3"
"03426X0226/PZ3";"2011-10-12";"201.29"
"03426X0226/PZ3";"2011-10-13";"201.28"
"03426X0226/PZ3";"2011-10-14";"201.28"
"03426X0226/PZ3";"2011-10-15";"201.27"
"03426X0226/PZ3";"2011-10-16";"201.27"
"03426X0226/PZ3";"2011-10-17";"201.27"
"03426X0226/PZ3";"2011-10-18";"201.27"
"03426X0226/PZ3";"2011-10-19";"201.26"
"03426X0226/PZ3";"2011-10-20";"201.25"
"03426X0226/PZ3";"2011-10-21";"201.25"
"03426X0226/PZ3";"2011-10-22";"201.26"
"03426X0226/PZ3";"2011-10-23";"201.26"
"03426X0226/PZ3";"2011-10-24";"201.27"
"03426X0226/PZ3";"2011-10-25";"201.27"
"03426X0226/PZ3";"2011-10-26";"201.24"
"03426X0226/PZ3";"2011-10-27";"201.23"
"03426X0226/PZ3";"2011-10-28";"201.21"
"03426X0226/PZ3";"2011-10-29";"201.2"
"03426X0226/PZ3";"2011-10-30";"201.2"
"03426X0226/PZ3";"2011-10-31";"201.2"
"03426X0226/PZ3";"2011-11-01";"201.2"
"03426X0226/PZ3";"2011-11-02";"201.2"
"03426X0226/PZ3";"2011-11-03";"201.2"
"03426X0226/PZ3";"2011-11-04";"201.2"
"03426X0226/PZ3";"2011-11-05";"201.19"
"03426X0226/PZ3";"2011-11-06";"201.17"
"03426X0226/PZ3";"2011-11-07";"201.15"
"03426X0226/PZ3";"2011-11-08";"201.14"
"03426X0226/PZ3";"2011-11-09";"201.13"
"03426X0226/PZ3";"2011-11-10";"201.12"
"03426X0226/PZ3";"2011-11-11";"201.11"
"03426X0226/PZ3";"2011-11-12";"201.1"
"03426X0226/PZ3";"2011-11-13";"201.09"
"03426X0226/PZ3";"2011-11-14";"201.09"
"03426X0226/PZ3";"2011-11-15";"201.09"
"03426X0226/PZ3";"2011-11-16";"201.08"
"03426X0226/PZ3";"2011-11-17";"201.07"
"03426X0226/PZ3";"2011-11-18";"201.06"
"03426X0226/PZ3";"2011-11-19";"201.05"
"03426X0226/PZ3";"2011-11-20";"201.04"
"03426X0226/PZ3";"2011-11-21";"201.04"
"03426X0226/PZ3";"2011-11-22";"201.03"
"03426X0226/PZ3";"2011-11-23";"201.02"
"03426X0226/PZ3";"2011-11-24";"201.0"
"03426X0226/PZ3";"2011-11-25";"200.99"
"03426X0226/PZ3";"2011-11-26";"200.98"
"03426X0226/PZ3";"2011-11-27";"200.99"
"03426X0226/PZ3";"2011-11-28";"200.98"
"03426X0226/PZ3";"2011-11-29";"200.98"
"03426X0226/PZ3";"2011-11-30";"200.96"
"03426X0226/PZ3";"2011-12-01";"200.97"
"03426X0226/PZ3";"2011-12-02";"200.97"
"03426X0226/PZ3";"2011-12-03";"200.95"
"03426X0226/PZ3";"2011-12-04";"200.97"
"03426X0226/PZ3";"2011-12-05";"200.97"
"03426X0226/PZ3";"2011-12-06";"200.94"
"03426X0226/PZ3";"2011-12-07";"200.93"
"03426X0226/PZ3";"2011-12-08";"200.92"
"03426X0226/PZ3";"2011-12-09";"200.93"
"03426X0226/PZ3";"2011-12-10";"200.92"
"03426X0226/PZ3";"2011-12-11";"200.93"
"03426X0226/PZ3";"2011-12-12";"200.94"
"03426X0226/PZ3";"2011-12-13";"200.93"
"03426X0226/PZ3";"2011-12-14";"200.93"
"03426X0226/PZ3";"2011-12-15";"200.91"
"03426X0226/PZ3";"2011-12-16";"200.97"
"03426X0226/PZ3";"2011-12-17";"200.92"
"03426X0226/PZ3";"2011-12-18";"200.92"
"03426X0226/PZ3";"2011-12-19";"200.91"
"03426X0226/PZ3";"2011-12-20";"200.93"
"03426X0226/PZ3";"2011-12-21";"200.91"
"03426X0226/PZ3";"2011-12-22";"200.9"
"03426X0226/PZ3";"2011-12-23";"200.91"
"03426X0226/PZ3";"2011-12-24";"200.91"
"03426X0226/PZ3";"2011-12-25";"200.88"
"03426X0226/PZ3";"2011-12-26";"200.87"
"03426X0226/PZ3";"2011-12-27";"200.88"
"03426X0226/PZ3";"2011-12-28";"200.89"
"03426X0226/PZ3";"2011-12-29";"200.9"
"03426X0226/PZ3";"2011-12-30";"200.91"
"03426X0226/PZ3";"2011-12-31";"200.9"
"03426X0226/PZ3";"2012-01-01";"200.89"
"03426X0226/PZ3";"2012-01-02";"200.9"
"03426X0226/PZ3";"2012-01-03";"200.89"
"03426X0226/PZ3";"2012-01-04";"200.9"
"03426X0226/PZ3";"2012-01-05";"200.93"
"03426X0226/PZ3";"2012-01-06";"200.9"
"03426X0226/PZ3";"2012-01-07";"200.9"
"03426X0226/PZ3";"2012-01-08";"200.91"
"03426X0226/PZ3";"2012-01-09";"200.9"
"03426X0226/PZ3";"2012-01-10";"200.9"
"03426X0226/PZ3";"2012-01-11";"200.9"
"03426X0226/PZ3";"2012-01-12";"200.91"
"03426X0226/PZ3";"2012-01-13";"200.91"
"03426X0226/PZ3";"2012-01-14";"200.91"
"03426X0226/PZ3";"2012-01-15";"200.91"
"03426X0226/PZ3";"2012-01-16";"200.91"
"03426X0226/PZ3";"2012-01-17";"200.89"
"03426X0226/PZ3";"2012-01-18";"200.89"
"03426X0226/PZ3";"2012-01-19";"200.91"
"03426X0226/PZ3";"2012-01-20";"200.91"
"03426X0226/PZ3";"2012-01-21";"200.92"
"03426X0226/PZ3";"2012-01-22";"200.92"
"03426X0226/PZ3";"2012-01-23";"200.92"
"03426X0226/PZ3";"2012-01-24";"200.92"
"03426X0226/PZ3";"2012-01-25";"200.94"
"03426X0226/PZ3";"2012-01-26";"200.94"
"03426X0226/PZ3";"2012-01-27";"200.94"
"03426X0226/PZ3";"2012-01-28";"200.93"
"03426X0226/PZ3";"2012-01-29";"200.94"
"03426X0226/PZ3";"2012-01-30";"200.94"
"03426X0226/PZ3";"2012-01-31";"200.94"
"03426X0226/PZ3";"2012-02-01";"200.93"
"03426X0226/PZ3";"2012-02-02";"200.93"
"03426X0226/PZ3";"2012-02-03";"200.91"
"03426X0226/PZ3";"2012-02-04";"200.9"
"03426X0226/PZ3";"2012-02-05";"200.91"
"03426X0226/PZ3";"2012-02-06";"200.91"
"03426X0226/PZ3";"2012-02-07";"200.91"
"03426X0226/PZ3";"2012-02-08";"200.91"
"03426X0226/PZ3";"2012-02-09";"200.92"
"03426X0226/PZ3";"2012-02-10";"200.92"
"03426X0226/PZ3";"2012-02-11";"200.92"
"03426X0226/PZ3";"2012-02-12";"200.93"
"03426X0226/PZ3";"2012-02-13";"200.94"
"03426X0226/PZ3";"2012-02-14";"200.95"
"03426X0226/PZ3";"2012-02-15";"200.96"
"03426X0226/PZ3";"2012-02-16";"200.94"
"03426X0226/PZ3";"2012-02-17";"200.94"
"03426X0226/PZ3";"2012-02-18";"200.96"
"03426X0226/PZ3";"2012-02-19";"200.96"
"03426X0226/PZ3";"2012-02-20";"200.93"
"03426X0226/PZ3";"2012-02-21";"200.93"
"03426X0226/PZ3";"2012-02-22";"200.95"
"03426X0226/PZ3";"2012-02-23";"200.95"
"03426X0226/PZ3";"2012-02-24";"200.95"
"03426X0226/PZ3";"2012-02-25";"200.95"
"03426X0226/PZ3";"2012-02-26";"200.95"
"03426X0226/PZ3";"2012-02-27";"200.95"
"03426X0226/PZ3";"2012-02-28";"200.94"
"03426X0226/PZ3";"2012-02-29";"200.94"
"03426X0226/PZ3";"2012-03-01";"200.94"
"03426X0226/PZ3";"2012-03-02";"200.94"
"03426X0226/PZ3";"2012-03-03";"200.94"
"03426X0226/PZ3";"2012-03-04";"200.95"
"03426X0226/PZ3";"2012-03-05";"200.95"
"03426X0226/PZ3";"2012-03-06";"200.93"
"03426X0226/PZ3";"2012-03-07";"200.93"
"03426X0226/PZ3";"2012-03-08";"200.93"
"03426X0226/PZ3";"2012-03-09";"200.89"
"03426X0226/PZ3";"2012-03-10";"200.9"
"03426X0226/PZ3";"2012-03-11";"200.9"
"03426X0226/PZ3";"2012-03-12";"200.9"
"03426X0226/PZ3";"2012-03-13";"200.9"
"03426X0226/PZ3";"2012-03-14";"200.9"
"03426X0226/PZ3";"2012-03-15";"200.9"
"03426X0226/PZ3";"2012-03-16";"200.9"
"03426X0226/PZ3";"2012-03-17";"200.9"
"03426X0226/PZ3";"2012-03-18";"200.9"
"03426X0226/PZ3";"2012-03-19";"200.88"
"03426X0226/PZ3";"2012-03-20";"200.86"
"03426X0226/PZ3";"2012-03-21";"200.87"
"03426X0226/PZ3";"2012-03-22";"200.87"
"03426X0226/PZ3";"2012-03-23";"200.87"
"03426X0226/PZ3";"2012-03-24";"200.87"
"03426X0226/PZ3";"2012-03-25";"200.86"
"03426X0226/PZ3";"2012-03-26";"200.85"
"03426X0226/PZ3";"2012-03-27";"200.85"
"03426X0226/PZ3";"2012-03-28";"200.85"
"03426X0226/PZ3";"2012-03-29";"200.85"
"03426X0226/PZ3";"2012-03-30";"200.85"
"03426X0226/PZ3";"2012-03-31";"200.85"
"03426X0226/PZ3";"2012-04-01";"200.84"
"03426X0226/PZ3";"2012-04-02";"200.85"
"03426X0226/PZ3";"2012-04-03";"200.84"
"03426X0226/PZ3";"2012-04-04";"200.83"
"03426X0226/PZ3";"2012-04-05";"200.82"
"03426X0226/PZ3";"2012-04-06";"200.81"
"03426X0226/PZ3";"2012-04-07";"200.81"
"03426X0226/PZ3";"2012-04-08";"200.8"
"03426X0226/PZ3";"2012-04-09";"200.8"
"03426X0226/PZ3";"2012-04-10";"200.8"
"03426X0226/PZ3";"2012-04-11";"200.8"
"03426X0226/PZ3";"2012-04-12";"200.78"
"03426X0226/PZ3";"2012-04-13";"200.77"
"03426X0226/PZ3";"2012-04-14";"200.77"
"03426X0226/PZ3";"2012-04-15";"200.76"
"03426X0226/PZ3";"2012-04-16";"200.74"
"03426X0226/PZ3";"2012-04-17";"200.74"
"03426X0226/PZ3";"2012-04-18";"200.75"
"03426X0226/PZ3";"2012-04-19";"200.74"
"03426X0226/PZ3";"2012-04-20";"200.72"
"03426X0226/PZ3";"2012-04-21";"200.71"
"03426X0226/PZ3";"2012-04-22";"200.7"
"03426X0226/PZ3";"2012-04-23";"200.71"
"03426X0226/PZ3";"2012-04-24";"200.71"
"03426X0226/PZ3";"2012-04-25";"200.7"
"03426X0226/PZ3";"2012-04-26";"200.69"
"03426X0226/PZ3";"2012-04-27";"200.68"
"03426X0226/PZ3";"2012-04-28";"200.69"
"03426X0226/PZ3";"2012-04-29";"200.69"
"03426X0226/PZ3";"2012-04-30";"200.68"
"03426X0226/PZ3";"2012-05-01";"200.66"
"03426X0226/PZ3";"2012-05-02";"200.67"
"03426X0226/PZ3";"2012-05-03";"200.69"
"03426X0226/PZ3";"2012-05-04";"200.7"
"03426X0226/PZ3";"2012-05-05";"200.7"
"03426X0226/PZ3";"2012-05-06";"200.69"
"03426X0226/PZ3";"2012-05-07";"200.68"
"03426X0226/PZ3";"2012-05-08";"200.68"
"03426X0226/PZ3";"2012-05-09";"200.68"
"03426X0226/PZ3";"2012-05-10";"200.67"
"03426X0226/PZ3";"2012-05-11";"200.67"
"03426X0226/PZ3";"2012-05-12";"200.65"
"03426X0226/PZ3";"2012-05-13";"200.66"
"03426X0226/PZ3";"2012-05-14";"200.68"
"03426X0226/PZ3";"2012-05-15";"200.68"
"03426X0226/PZ3";"2012-05-16";"200.66"
"03426X0226/PZ3";"2012-05-17";"200.66"
"03426X0226/PZ3";"2012-05-18";"200.66"
"03426X0226/PZ3";"2012-05-19";"200.66"
"03426X0226/PZ3";"2012-05-20";"200.66"
"03426X0226/PZ3";"2012-05-21";"200.66"
"03426X0226/PZ3";"2012-05-22";"200.65"
"03426X0226/PZ3";"2012-05-23";"200.63"
"03426X0226/PZ3";"2012-05-24";"200.64"
"03426X0226/PZ3";"2012-05-25";"200.64"
"03426X0226/PZ3";"2012-05-26";"200.64"
"03426X0226/PZ3";"2012-05-27";"200.64"
"03426X0226/PZ3";"2012-05-28";"200.63"
"03426X0226/PZ3";"2012-05-29";"200.63"
"03426X0226/PZ3";"2012-05-30";"200.62"
"03426X0226/PZ3";"2012-05-31";"200.62"
"03426X0226/PZ3";"2012-06-01";"200.61"
"03426X0226/PZ3";"2012-06-02";"200.62"
"03426X0226/PZ3";"2012-06-03";"200.62"
"03426X0226/PZ3";"2012-06-04";"200.61"
"03426X0226/PZ3";"2012-06-05";"200.6"
"03426X0226/PZ3";"2012-06-06";"200.61"
"03426X0226/PZ3";"2012-06-07";"200.61"
"03426X0226/PZ3";"2012-06-08";"200.6"
"03426X0226/PZ3";"2012-06-09";"200.59"
"03426X0226/PZ3";"2012-06-10";"200.6"
"03426X0226/PZ3";"2012-06-11";"200.6"
"03426X0226/PZ3";"2012-06-12";"200.6"
"03426X0226/PZ3";"2012-06-13";"200.6"
"03426X0226/PZ3";"2012-06-14";"200.61"
"03426X0226/PZ3";"2012-06-15";"200.62"
"03426X0226/PZ3";"2012-06-16";"200.62"
"03426X0226/PZ3";"2012-06-17";"200.62"
"03426X0226/PZ3";"2012-06-18";"200.62"
"03426X0226/PZ3";"2012-06-19";"200.62"
"03426X0226/PZ3";"2012-06-20";"200.62"
"03426X0226/PZ3";"2012-06-21";"200.62"
"03426X0226/PZ3";"2012-06-22";"200.6"
"03426X0226/PZ3";"2012-06-23";"200.59"
"03426X0226/PZ3";"2012-06-24";"200.6"
"03426X0226/PZ3";"2012-06-25";"200.6"
"03426X0226/PZ3";"2012-06-26";"200.59"
"03426X0226/PZ3";"2012-06-27";"200.59"
"03426X0226/PZ3";"2012-06-28";"200.6"
"03426X0226/PZ3";"2012-06-29";"200.6"
"03426X0226/PZ3";"2012-06-30";"200.59"
"03426X0226/PZ3";"2012-07-01";"200.58"
"03426X0226/PZ3";"2012-07-02";"200.6"
"03426X0226/PZ3";"2012-07-03";"200.62"
"03426X0226/PZ3";"2012-07-04";"200.64"
"03426X0226/PZ3";"2012-07-05";"200.64"
"03426X0226/PZ3";"2012-07-06";"200.64"
"03426X0226/PZ3";"2012-07-07";"200.65"
"03426X0226/PZ3";"2012-07-08";"200.66"
"03426X0226/PZ3";"2012-07-09";"200.64"
"03426X0226/PZ3";"2012-07-10";"200.65"
"03426X0226/PZ3";"2012-07-11";"200.65"
"03426X0226/PZ3";"2012-07-12";"200.66"
"03426X0226/PZ3";"2012-07-13";"200.68"
"03426X0226/PZ3";"2012-07-14";"200.68"
"03426X0226/PZ3";"2012-07-15";"200.67"
"03426X0226/PZ3";"2012-07-16";"200.66"
"03426X0226/PZ3";"2012-07-17";"200.66"
"03426X0226/PZ3";"2012-07-18";"200.68"
"03426X0226/PZ3";"2012-07-19";"200.68"
"03426X0226/PZ3";"2012-07-20";"200.68"
"03426X0226/PZ3";"2012-07-21";"200.67"
"03426X0226/PZ3";"2012-07-22";"200.66"
"03426X0226/PZ3";"2012-07-23";"200.68"
"03426X0226/PZ3";"2012-07-24";"200.68"
"03426X0226/PZ3";"2012-07-25";"200.67"
"03426X0226/PZ3";"2012-07-26";"200.67"
"03426X0226/PZ3";"2012-07-27";"200.67"
"03426X0226/PZ3";"2012-07-28";"200.65"
"03426X0226/PZ3";"2012-07-29";"200.63"
"03426X0226/PZ3";"2012-07-30";"200.64"
"03426X0226/PZ3";"2012-07-31";"200.65"
"03426X0226/PZ3";"2012-08-01";"200.66"
"03426X0226/PZ3";"2012-08-02";"200.65"
"03426X0226/PZ3";"2012-08-03";"200.64"
"03426X0226/PZ3";"2012-08-04";"200.66"
"03426X0226/PZ3";"2012-08-05";"200.67"
"03426X0226/PZ3";"2012-08-06";"200.66"
"03426X0226/PZ3";"2012-08-07";"200.66"
"03426X0226/PZ3";"2012-08-08";"200.66"
"03426X0226/PZ3";"2012-08-09";"200.66"
"03426X0226/PZ3";"2012-08-10";"200.67"
"03426X0226/PZ3";"2012-08-11";"200.68"
"03426X0226/PZ3";"2012-08-12";"200.68"
"03426X0226/PZ3";"2012-08-13";"200.68"
"03426X0226/PZ3";"2012-08-14";"200.68"
"03426X0226/PZ3";"2012-08-15";"200.68"
"03426X0226/PZ3";"2012-08-16";"200.67"
"03426X0226/PZ3";"2012-08-17";"200.68"
"03426X0226/PZ3";"2012-08-18";"200.68"
"03426X0226/PZ3";"2012-08-19";"200.69"
"03426X0226/PZ3";"2012-08-20";"200.68"
"03426X0226/PZ3";"2012-08-21";"200.7"
"03426X0226/PZ3";"2012-08-22";"200.69"
"03426X0226/PZ3";"2012-08-23";"200.7"
"03426X0226/PZ3";"2012-08-24";"200.71"
"03426X0226/PZ3";"2012-08-25";"200.71"
"03426X0226/PZ3";"2012-08-26";"200.71"
"03426X0226/PZ3";"2012-08-27";"200.72"
"03426X0226/PZ3";"2012-08-28";"200.72"
"03426X0226/PZ3";"2012-08-29";"200.73"
"03426X0226/PZ3";"2012-08-30";"200.73"
"03426X0226/PZ3";"2012-08-31";"200.73"
"03426X0226/PZ3";"2012-09-01";"200.72"
"03426X0226/PZ3";"2012-09-02";"200.73"
"03426X0226/PZ3";"2012-09-03";"200.73"
"03426X0226/PZ3";"2012-09-04";"200.74"
"03426X0226/PZ3";"2012-09-05";"200.73"
"03426X0226/PZ3";"2012-09-06";"200.72"
"03426X0226/PZ3";"2012-09-07";"200.73"
"03426X0226/PZ3";"2012-09-08";"200.73"
"03426X0226/PZ3";"2012-09-09";"200.74"
"03426X0226/PZ3";"2012-09-10";"200.74"
"03426X0226/PZ3";"2012-09-11";"200.74"
"03426X0226/PZ3";"2012-09-12";"200.74"
"03426X0226/PZ3";"2012-09-13";"200.74"
"03426X0226/PZ3";"2012-09-14";"200.75"
"03426X0226/PZ3";"2012-09-15";"200.74"
"03426X0226/PZ3";"2012-09-16";"200.75"
"03426X0226/PZ3";"2012-09-17";"200.75"
"03426X0226/PZ3";"2012-09-18";"200.76"
"03426X0226/PZ3";"2012-09-19";"200.75"
"03426X0226/PZ3";"2012-09-20";"200.75"
"03426X0226/PZ3";"2012-09-21";"200.77"
"03426X0226/PZ3";"2012-09-22";"200.77"
"03426X0226/PZ3";"2012-09-23";"200.8"
"03426X0226/PZ3";"2012-09-24";"200.8"
"03426X0226/PZ3";"2012-09-25";"200.8"
"03426X0226/PZ3";"2012-09-26";"200.81"
"03426X0226/PZ3";"2012-09-27";"200.81"
"03426X0226/PZ3";"2012-09-28";"200.8"
"03426X0226/PZ3";"2012-09-29";"200.82"
"03426X0226/PZ3";"2012-09-30";"200.83"
"03426X0226/PZ3";"2012-10-01";"200.84"
"03426X0226/PZ3";"2012-10-02";"200.84"
"03426X0226/PZ3";"2012-10-03";"200.85"
"03426X0226/PZ3";"2012-10-04";"200.86"
"03426X0226/PZ3";"2012-10-05";"200.86"
"03426X0226/PZ3";"2012-10-06";"200.87"
"03426X0226/PZ3";"2012-10-07";"200.88"
"03426X0226/PZ3";"2012-10-08";"200.89"
"03426X0226/PZ3";"2012-10-09";"200.9"
"03426X0226/PZ3";"2012-10-10";"200.92"
"03426X0226/PZ3";"2012-10-11";"200.96"
"03426X0226/PZ3";"2012-10-12";"200.96"
"03426X0226/PZ3";"2012-10-13";"200.99"
"03426X0226/PZ3";"2012-10-14";"201.02"
"03426X0226/PZ3";"2012-10-15";"201.01"
"03426X0226/PZ3";"2012-10-16";"201.02"
"03426X0226/PZ3";"2012-10-17";"201.03"
"03426X0226/PZ3";"2012-10-18";"201.04"
"03426X0226/PZ3";"2012-10-19";"201.05"
"03426X0226/PZ3";"2012-10-20";"201.06"
"03426X0226/PZ3";"2012-10-21";"201.07"
"03426X0226/PZ3";"2012-10-22";"201.07"
"03426X0226/PZ3";"2012-10-23";"201.08"
"03426X0226/PZ3";"2012-10-24";"201.1"
"03426X0226/PZ3";"2012-10-25";"201.11"
"03426X0226/PZ3";"2012-10-26";"201.15"
"03426X0226/PZ3";"2012-10-27";"201.15"
"03426X0226/PZ3";"2012-10-28";"201.13"
"03426X0226/PZ3";"2012-10-29";"201.15"
"03426X0226/PZ3";"2012-10-30";"201.17"
"03426X0226/PZ3";"2012-10-31";"201.2"
"03426X0226/PZ3";"2012-11-01";"201.21"
"03426X0226/PZ3";"2012-11-02";"201.2"
"03426X0226/PZ3";"2012-11-03";"201.21"
"03426X0226/PZ3";"2012-11-04";"201.24"
"03426X0226/PZ3";"2012-11-05";"201.24"
"03426X0226/PZ3";"2012-11-06";"201.24"
"03426X0226/PZ3";"2012-11-07";"201.26"
"03426X0226/PZ3";"2012-11-08";"201.29"
"03426X0226/PZ3";"2012-11-09";"201.31"
"03426X0226/PZ3";"2012-11-10";"201.34"
"03426X0226/PZ3";"2012-11-11";"201.33"
"03426X0226/PZ3";"2012-11-12";"201.32"
"03426X0226/PZ3";"2012-11-13";"201.34"
"03426X0226/PZ3";"2012-11-14";"201.36"
"03426X0226/PZ3";"2012-11-15";"201.37"
"03426X0226/PZ3";"2012-11-16";"201.38"
"03426X0226/PZ3";"2012-11-17";"201.39"
"03426X0226/PZ3";"2012-11-18";"201.39"
"03426X0226/PZ3";"2012-11-19";"201.38"
"03426X0226/PZ3";"2012-11-20";"201.38"
"03426X0226/PZ3";"2012-11-21";"201.39"
"03426X0226/PZ3";"2012-11-22";"201.38"
"03426X0226/PZ3";"2012-11-23";"201.39"
"03426X0226/PZ3";"2012-11-24";"201.4"
"03426X0226/PZ3";"2012-11-25";"201.4"
"03426X0226/PZ3";"2012-11-26";"201.42"
"03426X0226/PZ3";"2012-11-27";"201.42"
"03426X0226/PZ3";"2012-11-28";"201.44"
"03426X0226/PZ3";"2012-11-29";"201.45"
"03426X0226/PZ3";"2012-11-30";"201.46"
"03426X0226/PZ3";"2012-12-01";"201.47"
"03426X0226/PZ3";"2012-12-02";"201.49"
"03426X0226/PZ3";"2012-12-03";"201.51"
"03426X0226/PZ3";"2012-12-04";"201.53"
"03426X0226/PZ3";"2012-12-05";"201.51"
"03426X0226/PZ3";"2012-12-06";"201.5"
"03426X0226/PZ3";"2012-12-07";"201.53"
"03426X0226/PZ3";"2012-12-08";"201.51"
"03426X0226/PZ3";"2012-12-09";"201.51"
"03426X0226/PZ3";"2012-12-10";"201.52"
"03426X0226/PZ3";"2012-12-11";"201.49"
"03426X0226/PZ3";"2012-12-12";"201.51"
"03426X0226/PZ3";"2012-12-13";"201.52"
"03426X0226/PZ3";"2012-12-14";"201.54"
"03426X0226/PZ3";"2012-12-15";"201.53"
"03426X0226/PZ3";"2012-12-16";"201.53"
"03426X0226/PZ3";"2012-12-17";"201.54"
"03426X0226/PZ3";"2012-12-18";"201.54"
"03426X0226/PZ3";"2012-12-19";"201.56"
"03426X0226/PZ3";"2012-12-20";"201.58"
"03426X0226/PZ3";"2012-12-21";"201.59"
"03426X0226/PZ3";"2012-12-22";"201.6"
"03426X0226/PZ3";"2012-12-23";"201.6"
"03426X0226/PZ3";"2012-12-24";"201.63"
"03426X0226/PZ3";"2012-12-25";"201.63"
"03426X0226/PZ3";"2012-12-26";"201.63"
"03426X0226/PZ3";"2012-12-27";"201.66"
"03426X0226/PZ3";"2012-12-28";"201.65"
"03426X0226/PZ3";"2012-12-29";"201.69"
"03426X0226/PZ3";"2012-12-30";"201.68"
"03426X0226/PZ3";"2012-12-31";"201.73"
"03426X0226/PZ3";"2013-01-01";"201.73"
"03426X0226/PZ3";"2013-01-02";"201.71"
"03426X0226/PZ3";"2013-01-03";"201.7"
"03426X0226/PZ3";"2013-01-04";"201.73"
"03426X0226/PZ3";"2013-01-05";"201.74"
"03426X0226/PZ3";"2013-01-06";"201.75"
"03426X0226/PZ3";"2013-01-07";"201.77"
"03426X0226/PZ3";"2013-01-08";"201.77"
"03426X0226/PZ3";"2013-01-09";"201.8"
"03426X0226/PZ3";"2013-01-10";"201.82"
"03426X0226/PZ3";"2013-01-11";"201.82"
"03426X0226/PZ3";"2013-01-12";"201.82"
"03426X0226/PZ3";"2013-01-13";"201.83"
"03426X0226/PZ3";"2013-01-14";"201.83"
"03426X0226/PZ3";"2013-01-15";"201.85"
"03426X0226/PZ3";"2013-01-16";"201.84"
"03426X0226/PZ3";"2013-01-17";"201.83"
"03426X0226/PZ3";"2013-01-18";"201.87"
"03426X0226/PZ3";"2013-01-19";"201.88"
"03426X0226/PZ3";"2013-01-20";"201.88"
"03426X0226/PZ3";"2013-01-21";"201.87"
"03426X0226/PZ3";"2013-01-22";"201.86"
"03426X0226/PZ3";"2013-01-23";"201.86"
"03426X0226/PZ3";"2013-01-24";"201.86"
"03426X0226/PZ3";"2013-01-25";"201.86"
"03426X0226/PZ3";"2013-01-26";"201.87"
"03426X0226/PZ3";"2013-01-27";"201.88"
"03426X0226/PZ3";"2013-01-28";"201.87"
"03426X0226/PZ3";"2013-01-29";"201.87"
"03426X0226/PZ3";"2013-01-30";"201.88"
"03426X0226/PZ3";"2013-01-31";"201.88"
"03426X0226/PZ3";"2013-02-01";"201.94"
"03426X0226/PZ3";"2013-02-02";"201.94"
"03426X0226/PZ3";"2013-02-03";"201.9"
"03426X0226/PZ3";"2013-02-04";"201.92"
"03426X0226/PZ3";"2013-02-05";"201.96"
"03426X0226/PZ3";"2013-02-06";"201.98"
"03426X0226/PZ3";"2013-02-07";"201.94"
"03426X0226/PZ3";"2013-02-08";"201.95"
"03426X0226/PZ3";"2013-02-09";"201.95"
"03426X0226/PZ3";"2013-02-10";"201.99"
"03426X0226/PZ3";"2013-02-11";"202.0"
"03426X0226/PZ3";"2013-02-12";"201.98"
"03426X0226/PZ3";"2013-02-13";"201.96"
"03426X0226/PZ3";"2013-02-14";"201.99"
"03426X0226/PZ3";"2013-02-15";"201.99"
"03426X0226/PZ3";"2013-02-16";"201.99"
"03426X0226/PZ3";"2013-02-17";"202.0"
"03426X0226/PZ3";"2013-02-18";"202.01"
"03426X0226/PZ3";"2013-02-19";"202.03"
"03426X0226/PZ3";"2013-02-20";"202.02"
"03426X0226/PZ3";"2013-02-21";"202.04"
"03426X0226/PZ3";"2013-02-22";"202.05"
"03426X0226/PZ3";"2013-02-23";"202.06"
"03426X0226/PZ3";"2013-02-24";"202.05"
"03426X0226/PZ3";"2013-02-25";"202.05"
"03426X0226/PZ3";"2013-02-26";"202.05"
"03426X0226/PZ3";"2013-02-27";"202.06"
"03426X0226/PZ3";"2013-02-28";"202.07"
"03426X0226/PZ3";"2013-03-01";"202.08"
"03426X0226/PZ3";"2013-03-02";"202.09"
"03426X0226/PZ3";"2013-03-03";"202.1"
"03426X0226/PZ3";"2013-03-04";"202.11"
"03426X0226/PZ3";"2013-03-05";"202.13"
"03426X0226/PZ3";"2013-03-06";"202.15"
"03426X0226/PZ3";"2013-03-07";"202.15"
"03426X0226/PZ3";"2013-03-08";"202.16"
"03426X0226/PZ3";"2013-03-09";"202.16"
"03426X0226/PZ3";"2013-03-10";"202.17"
"03426X0226/PZ3";"2013-03-11";"202.17"
"03426X0226/PZ3";"2013-03-12";"202.18"
"03426X0226/PZ3";"2013-03-13";"202.17"
"03426X0226/PZ3";"2013-03-14";"202.16"
"03426X0226/PZ3";"2013-03-15";"202.15"
"03426X0226/PZ3";"2013-03-16";"202.18"
"03426X0226/PZ3";"2013-03-17";"202.21"
"03426X0226/PZ3";"2013-03-18";"202.21"
"03426X0226/PZ3";"2013-03-19";"202.21"
"03426X0226/PZ3";"2013-03-20";"202.21"
"03426X0226/PZ3";"2013-03-21";"202.19"
"03426X0226/PZ3";"2013-03-22";"202.22"
"03426X0226/PZ3";"2013-03-23";"202.22"
"03426X0226/PZ3";"2013-03-24";"202.23"
"03426X0226/PZ3";"2013-03-25";"202.23"
"03426X0226/PZ3";"2013-03-26";"202.23"
"03426X0226/PZ3";"2013-03-27";"202.23"
"03426X0226/PZ3";"2013-03-28";"202.24"
"03426X0226/PZ3";"2013-03-29";"202.24"
"03426X0226/PZ3";"2013-03-30";"202.25"
"03426X0226/PZ3";"2013-03-31";"202.24"
"03426X0226/PZ3";"2013-04-01";"202.25"
"03426X0226/PZ3";"2013-04-02";"202.25"
"03426X0226/PZ3";"2013-04-03";"202.25"
"03426X0226/PZ3";"2013-04-04";"202.26"
"03426X0226/PZ3";"2013-04-05";"202.26"
"03426X0226/PZ3";"2013-04-06";"202.24"
"03426X0226/PZ3";"2013-04-07";"202.25"
"03426X0226/PZ3";"2013-04-08";"202.27"
"03426X0226/PZ3";"2013-04-09";"202.27"
"03426X0226/PZ3";"2013-04-10";"202.26"
"03426X0226/PZ3";"2013-04-11";"202.28"
"03426X0226/PZ3";"2013-04-12";"202.27"
"03426X0226/PZ3";"2013-04-13";"202.25"
"03426X0226/PZ3";"2013-04-14";"202.26"
"03426X0226/PZ3";"2013-04-15";"202.27"
"03426X0226/PZ3";"2013-04-16";"202.27"
"03426X0226/PZ3";"2013-04-17";"202.28"
"03426X0226/PZ3";"2013-04-18";"202.28"
"03426X0226/PZ3";"2013-04-19";"202.27"
"03426X0226/PZ3";"2013-04-20";"202.28"
"03426X0226/PZ3";"2013-04-21";"202.28"
"03426X0226/PZ3";"2013-04-22";"202.28"
"03426X0226/PZ3";"2013-04-23";"202.27"
"03426X0226/PZ3";"2013-04-24";"202.27"
"03426X0226/PZ3";"2013-04-25";"202.29"
"03426X0226/PZ3";"2013-04-26";"202.31"
"03426X0226/PZ3";"2013-04-27";"202.32"
"03426X0226/PZ3";"2013-04-28";"202.31"
"03426X0226/PZ3";"2013-04-29";"202.32"
"03426X0226/PZ3";"2013-04-30";"202.33"
"03426X0226/PZ3";"2013-05-01";"202.34"
"03426X0226/PZ3";"2013-05-02";"202.36"
"03426X0226/PZ3";"2013-05-03";"202.37"
"03426X0226/PZ3";"2013-05-04";"202.38"
"03426X0226/PZ3";"2013-05-05";"202.4"
"03426X0226/PZ3";"2013-05-06";"202.41"
"03426X0226/PZ3";"2013-05-07";"202.43"
"03426X0226/PZ3";"2013-05-08";"202.44"
"03426X0226/PZ3";"2013-05-09";"202.44"
"03426X0226/PZ3";"2013-05-10";"202.44"
"03426X0226/PZ3";"2013-05-11";"202.45"
"03426X0226/PZ3";"2013-05-12";"202.46"
"03426X0226/PZ3";"2013-05-13";"202.46"
"03426X0226/PZ3";"2013-05-14";"202.49"
"03426X0226/PZ3";"2013-05-15";"202.5"
"03426X0226/PZ3";"2013-05-16";"202.51"
"03426X0226/PZ3";"2013-05-17";"202.51"
"03426X0226/PZ3";"2013-05-18";"202.52"
"03426X0226/PZ3";"2013-05-19";"202.52"
"03426X0226/PZ3";"2013-05-20";"202.52"
"03426X0226/PZ3";"2013-05-21";"202.54"
"03426X0226/PZ3";"2013-05-22";"202.54"
"03426X0226/PZ3";"2013-05-23";"202.56"
"03426X0226/PZ3";"2013-05-24";"202.56"
"03426X0226/PZ3";"2013-05-25";"202.56"
"03426X0226/PZ3";"2013-05-26";"202.57"
"03426X0226/PZ3";"2013-05-27";"202.59"
"03426X0226/PZ3";"2013-05-28";"202.61"
"03426X0226/PZ3";"2013-05-29";"202.61"
"03426X0226/PZ3";"2013-05-30";"202.61"
"03426X0226/PZ3";"2013-05-31";"202.62"
"03426X0226/PZ3";"2013-06-01";"202.62"
"03426X0226/PZ3";"2013-06-02";"202.64"
"03426X0226/PZ3";"2013-06-03";"202.66"
"03426X0226/PZ3";"2013-06-04";"202.68"
"03426X0226/PZ3";"2013-06-05";"202.69"
"03426X0226/PZ3";"2013-06-06";"202.7"
"03426X0226/PZ3";"2013-06-07";"202.71"
"03426X0226/PZ3";"2013-06-08";"202.73"
"03426X0226/PZ3";"2013-06-09";"202.74"
"03426X0226/PZ3";"2013-06-10";"202.74"
"03426X0226/PZ3";"2013-06-11";"202.74"
"03426X0226/PZ3";"2013-06-12";"202.75"
"03426X0226/PZ3";"2013-06-13";"202.77"
"03426X0226/PZ3";"2013-06-14";"202.78"
"03426X0226/PZ3";"2013-06-15";"202.79"
"03426X0226/PZ3";"2013-06-16";"202.81"
"03426X0226/PZ3";"2013-06-17";"202.82"
"03426X0226/PZ3";"2013-06-18";"202.83"
"03426X0226/PZ3";"2013-06-19";"202.84"
"03426X0226/PZ3";"2013-06-20";"202.84"
"03426X0226/PZ3";"2013-06-21";"202.85"
"03426X0226/PZ3";"2013-06-22";"202.87"
"03426X0226/PZ3";"2013-06-23";"202.88"
"03426X0226/PZ3";"2013-06-24";"202.88"
"03426X0226/PZ3";"2013-06-25";"202.88"
"03426X0226/PZ3";"2013-06-26";"202.89"
"03426X0226/PZ3";"2013-06-27";"202.91"
"03426X0226/PZ3";"2013-06-28";"202.92"
"03426X0226/PZ3";"2013-06-29";"202.93"
"03426X0226/PZ3";"2013-06-30";"202.94"
"03426X0226/PZ3";"2013-07-01";"202.96"
"03426X0226/PZ3";"2013-07-02";"202.97"
"03426X0226/PZ3";"2013-07-03";"202.98"
"03426X0226/PZ3";"2013-07-04";"202.96"
"03426X0226/PZ3";"2013-07-05";"202.96"
"03426X0226/PZ3";"2013-07-06";"202.98"
"03426X0226/PZ3";"2013-07-07";"202.98"
"03426X0226/PZ3";"2013-07-08";"202.99"
"03426X0226/PZ3";"2013-07-09";"203.0"
"03426X0226/PZ3";"2013-07-10";"203.01"
"03426X0226/PZ3";"2013-07-11";"203.0"
"03426X0226/PZ3";"2013-07-12";"203.01"
"03426X0226/PZ3";"2013-07-13";"203.01"
"03426X0226/PZ3";"2013-07-14";"203.01"
"03426X0226/PZ3";"2013-07-15";"203.01"
"03426X0226/PZ3";"2013-07-16";"203.01"
"03426X0226/PZ3";"2013-07-17";"203.01"
"03426X0226/PZ3";"2013-07-18";"203.02"
"03426X0226/PZ3";"2013-07-19";"203.02"
"03426X0226/PZ3";"2013-07-20";"203.02"
"03426X0226/PZ3";"2013-07-21";"203.02"
"03426X0226/PZ3";"2013-07-22";"203.02"
"03426X0226/PZ3";"2013-07-23";"203.03"
"03426X0226/PZ3";"2013-07-24";"203.02"
"03426X0226/PZ3";"2013-07-25";"203.02"
"03426X0226/PZ3";"2013-07-26";"203.02"
"03426X0226/PZ3";"2013-07-27";"203.04"
"03426X0226/PZ3";"2013-07-28";"203.02"
"03426X0226/PZ3";"2013-07-29";"203.01"
"03426X0226/PZ3";"2013-07-30";"203.0"
"03426X0226/PZ3";"2013-07-31";"203.01"
"03426X0226/PZ3";"2013-08-01";"203.02"
"03426X0226/PZ3";"2013-08-02";"203.02"
"03426X0226/PZ3";"2013-08-03";"203.01"
"03426X0226/PZ3";"2013-08-04";"203.0"
"03426X0226/PZ3";"2013-08-05";"203.02"
"03426X0226/PZ3";"2013-08-06";"203.02"
"03426X0226/PZ3";"2013-08-07";"203.04"
"03426X0226/PZ3";"2013-08-08";"203.04"
"03426X0226/PZ3";"2013-08-09";"203.06"
"03426X0226/PZ3";"2013-08-10";"203.07"
"03426X0226/PZ3";"2013-08-11";"203.08"
"03426X0226/PZ3";"2013-08-12";"203.1"
"03426X0226/PZ3";"2013-08-13";"203.09"
"03426X0226/PZ3";"2013-08-14";"203.09"
"03426X0226/PZ3";"2013-08-15";"203.1"
"03426X0226/PZ3";"2013-08-16";"203.11"
"03426X0226/PZ3";"2013-08-17";"203.11"
"03426X0226/PZ3";"2013-08-18";"203.11"
"03426X0226/PZ3";"2013-08-19";"203.11"
"03426X0226/PZ3";"2013-08-20";"203.08"
"03426X0226/PZ3";"2013-08-21";"203.1"
"03426X0226/PZ3";"2013-08-22";"203.1"
"03426X0226/PZ3";"2013-08-23";"203.11"
"03426X0226/PZ3";"2013-08-24";"203.11"
"03426X0226/PZ3";"2013-08-25";"203.11"
"03426X0226/PZ3";"2013-08-26";"203.11"
"03426X0226/PZ3";"2013-08-27";"203.11"
"03426X0226/PZ3";"2013-08-28";"203.1"
"03426X0226/PZ3";"2013-08-29";"203.09"
"03426X0226/PZ3";"2013-08-30";"203.09"
"03426X0226/PZ3";"2013-08-31";"203.08"
"03426X0226/PZ3";"2013-09-01";"203.07"
"03426X0226/PZ3";"2013-09-02";"203.07"
"03426X0226/PZ3";"2013-09-03";"203.07"
"03426X0226/PZ3";"2013-09-04";"203.08"
"03426X0226/PZ3";"2013-09-05";"203.09"
"03426X0226/PZ3";"2013-09-06";"203.08"
"03426X0226/PZ3";"2013-09-07";"203.07"
"03426X0226/PZ3";"2013-09-08";"203.06"
"03426X0226/PZ3";"2013-09-09";"203.08"
"03426X0226/PZ3";"2013-09-10";"203.08"
"03426X0226/PZ3";"2013-09-11";"203.08"
"03426X0226/PZ3";"2013-09-12";"203.08"
"03426X0226/PZ3";"2013-09-13";"203.07"
"03426X0226/PZ3";"2013-09-14";"203.08"
"03426X0226/PZ3";"2013-09-15";"203.09"
"03426X0226/PZ3";"2013-09-16";"203.1"
"03426X0226/PZ3";"2013-09-17";"203.09"
"03426X0226/PZ3";"2013-09-18";"203.1"
"03426X0226/PZ3";"2013-09-19";"203.06"
"03426X0226/PZ3";"2013-09-20";"203.05"
"03426X0226/PZ3";"2013-09-21";"203.03"
"03426X0226/PZ3";"2013-09-22";"203.03"
"03426X0226/PZ3";"2013-09-23";"203.04"
"03426X0226/PZ3";"2013-09-24";"203.05"
"03426X0226/PZ3";"2013-09-25";"203.04"
"03426X0226/PZ3";"2013-09-26";"203.03"
"03426X0226/PZ3";"2013-09-27";"203.02"
"03426X0226/PZ3";"2013-09-28";"203.02"
"03426X0226/PZ3";"2013-09-29";"203.02"
"03426X0226/PZ3";"2013-09-30";"203.01"
"03426X0226/PZ3";"2013-10-01";"203.0"
"03426X0226/PZ3";"2013-10-02";"202.98"
"03426X0226/PZ3";"2013-10-03";"202.97"
"03426X0226/PZ3";"2013-10-04";"202.96"
"03426X0226/PZ3";"2013-10-05";"202.96"
"03426X0226/PZ3";"2013-10-06";"202.98"
"03426X0226/PZ3";"2013-10-07";"203.01"
"03426X0226/PZ3";"2013-10-08";"203.02"
"03426X0226/PZ3";"2013-10-09";"203.04"
"03426X0226/PZ3";"2013-10-10";"203.05"
"03426X0226/PZ3";"2013-10-11";"203.05"
"03426X0226/PZ3";"2013-10-12";"203.03"
"03426X0226/PZ3";"2013-10-13";"203.03"
"03426X0226/PZ3";"2013-10-14";"203.04"
"03426X0226/PZ3";"2013-10-15";"203.05"
"03426X0226/PZ3";"2013-10-16";"203.04"
"03426X0226/PZ3";"2013-10-17";"203.04"
"03426X0226/PZ3";"2013-10-18";"203.04"
"03426X0226/PZ3";"2013-10-19";"203.05"
"03426X0226/PZ3";"2013-10-20";"203.04"
"03426X0226/PZ3";"2013-10-21";"203.05"
"03426X0226/PZ3";"2013-10-22";"203.06"
"03426X0226/PZ3";"2013-10-23";"203.06"
"03426X0226/PZ3";"2013-10-24";"203.04"
"03426X0226/PZ3";"2013-10-25";"203.04"
"03426X0226/PZ3";"2013-10-26";"203.03"
"03426X0226/PZ3";"2013-10-27";"203.04"
"03426X0226/PZ3";"2013-10-28";"203.05"
"03426X0226/PZ3";"2013-10-29";"203.02"
"03426X0226/PZ3";"2013-10-30";"203.0"
"03426X0226/PZ3";"2013-10-31";"203.0"
"03426X0226/PZ3";"2013-11-01";"203.02"
"03426X0226/PZ3";"2013-11-02";"203.03"
"03426X0226/PZ3";"2013-11-03";"203.02"
"03426X0226/PZ3";"2013-11-04";"203.05"
"03426X0226/PZ3";"2013-11-05";"203.03"
"03426X0226/PZ3";"2013-11-06";"203.01"
"03426X0226/PZ3";"2013-11-07";"202.99"
"03426X0226/PZ3";"2013-11-08";"203.0"
"03426X0226/PZ3";"2013-11-09";"202.99"
"03426X0226/PZ3";"2013-11-10";"203.01"
"03426X0226/PZ3";"2013-11-11";"202.96"
"03426X0226/PZ3";"2013-11-12";"202.98"
"03426X0226/PZ3";"2013-11-13";"202.98"
"03426X0226/PZ3";"2013-11-14";"203.0"
"03426X0226/PZ3";"2013-11-15";"202.99"
"03426X0226/PZ3";"2013-11-16";"202.97"
"03426X0226/PZ3";"2013-11-17";"202.99"
"03426X0226/PZ3";"2013-11-18";"203.01"
"03426X0226/PZ3";"2013-11-19";"203.01"
"03426X0226/PZ3";"2013-11-20";"203.01"
"03426X0226/PZ3";"2013-11-21";"203.02"
"03426X0226/PZ3";"2013-11-22";"203.01"
"03426X0226/PZ3";"2013-11-23";"202.99"
"03426X0226/PZ3";"2013-11-24";"202.99"
"03426X0226/PZ3";"2013-11-25";"202.97"
"03426X0226/PZ3";"2013-11-26";"202.96"
"03426X0226/PZ3";"2013-11-27";"202.96"
"03426X0226/PZ3";"2013-11-28";"202.96"
"03426X0226/PZ3";"2013-11-29";"202.99"
"03426X0226/PZ3";"2013-11-30";"202.99"
"03426X0226/PZ3";"2013-12-01";"202.96"
"03426X0226/PZ3";"2013-12-02";"202.96"
"03426X0226/PZ3";"2013-12-03";"202.95"
"03426X0226/PZ3";"2013-12-04";"202.95"
"03426X0226/PZ3";"2013-12-05";"202.97"
"03426X0226/PZ3";"2013-12-06";"202.97"
"03426X0226/PZ3";"2013-12-07";"202.94"
"03426X0226/PZ3";"2013-12-08";"202.94"
"03426X0226/PZ3";"2013-12-09";"202.93"
"03426X0226/PZ3";"2013-12-10";"202.92"
"03426X0226/PZ3";"2013-12-11";"202.92"
"03426X0226/PZ3";"2013-12-12";"202.92"
"03426X0226/PZ3";"2013-12-13";"202.92"
"03426X0226/PZ3";"2013-12-14";"202.91"
"03426X0226/PZ3";"2013-12-15";"202.9"
"03426X0226/PZ3";"2013-12-16";"202.9"
"03426X0226/PZ3";"2013-12-17";"202.9"
"03426X0226/PZ3";"2013-12-18";"202.92"
"03426X0226/PZ3";"2013-12-19";"202.93"
"03426X0226/PZ3";"2013-12-20";"202.9"
"03426X0226/PZ3";"2013-12-21";"202.88"
"03426X0226/PZ3";"2013-12-22";"202.88"
"03426X0226/PZ3";"2013-12-23";"202.9"
"03426X0226/PZ3";"2013-12-24";"202.93"
"03426X0226/PZ3";"2013-12-25";"202.93"
"03426X0226/PZ3";"2013-12-26";"202.92"
"03426X0226/PZ3";"2013-12-27";"202.9"
"03426X0226/PZ3";"2013-12-28";"202.91"
"03426X0226/PZ3";"2013-12-29";"202.88"
"03426X0226/PZ3";"2013-12-30";"202.89"
"03426X0226/PZ3";"2013-12-31";"202.92"
"03426X0226/PZ3";"2014-01-01";"202.93"
"03426X0226/PZ3";"2014-01-02";"202.94"
"03426X0226/PZ3";"2014-01-03";"202.92"
"03426X0226/PZ3";"2014-01-04";"202.95"
"03426X0226/PZ3";"2014-01-05";"202.95"
"03426X0226/PZ3";"2014-01-06";"202.94"
"03426X0226/PZ3";"2014-01-07";"202.93"
"03426X0226/PZ3";"2014-01-08";"202.93"
"03426X0226/PZ3";"2014-01-09";"202.95"
"03426X0226/PZ3";"2014-01-10";"202.93"
"03426X0226/PZ3";"2014-01-11";"202.94"
"03426X0226/PZ3";"2014-01-12";"202.93"
"03426X0226/PZ3";"2014-01-13";"202.95"
"03426X0226/PZ3";"2014-01-14";"202.96"
"03426X0226/PZ3";"2014-01-15";"202.95"
"03426X0226/PZ3";"2014-01-16";"202.96"
"03426X0226/PZ3";"2014-01-17";"202.96"
"03426X0226/PZ3";"2014-01-18";"202.97"
"03426X0226/PZ3";"2014-01-19";"202.97"
"03426X0226/PZ3";"2014-01-20";"202.96"
"03426X0226/PZ3";"2014-01-21";"202.94"
"03426X0226/PZ3";"2014-01-22";"202.94"
"03426X0226/PZ3";"2014-01-23";"202.94"
"03426X0226/PZ3";"2014-01-24";"202.94"
"03426X0226/PZ3";"2014-01-25";"202.95"
"03426X0226/PZ3";"2014-01-26";"202.98"
"03426X0226/PZ3";"2014-01-27";"202.98"
"03426X0226/PZ3";"2014-01-28";"202.97"
"03426X0226/PZ3";"2014-01-29";"202.97"
"03426X0226/PZ3";"2014-01-30";"202.96"
"03426X0226/PZ3";"2014-01-31";"202.95"
"03426X0226/PZ3";"2014-02-01";"202.97"
"03426X0226/PZ3";"2014-02-02";"202.94"
"03426X0226/PZ3";"2014-02-03";"202.95"
"03426X0226/PZ3";"2014-02-04";"202.95"
"03426X0226/PZ3";"2014-02-05";"202.97"
"03426X0226/PZ3";"2014-02-06";"202.97"
"03426X0226/PZ3";"2014-02-07";"202.97"
"03426X0226/PZ3";"2014-02-08";"202.97"
"03426X0226/PZ3";"2014-02-09";"202.96"
"03426X0226/PZ3";"2014-02-10";"202.97"
"03426X0226/PZ3";"2014-02-11";"202.93"
"03426X0226/PZ3";"2014-02-12";"202.93"
"03426X0226/PZ3";"2014-02-13";"202.96"
"03426X0226/PZ3";"2014-02-14";"202.94"
"03426X0226/PZ3";"2014-02-15";"202.94"
"03426X0226/PZ3";"2014-02-16";"202.93"
"03426X0226/PZ3";"2014-02-17";"202.94"
"03426X0226/PZ3";"2014-02-18";"202.96"
"03426X0226/PZ3";"2014-02-19";"202.95"
"03426X0226/PZ3";"2014-02-20";"202.97"
"03426X0226/PZ3";"2014-02-21";"202.97"
"03426X0226/PZ3";"2014-02-22";"202.95"
"03426X0226/PZ3";"2014-02-23";"202.94"
"03426X0226/PZ3";"2014-02-24";"202.96"
"03426X0226/PZ3";"2014-02-25";"202.96"
"03426X0226/PZ3";"2014-02-26";"202.96"
"03426X0226/PZ3";"2014-02-27";"202.97"
"03426X0226/PZ3";"2014-02-28";"203.0"
"03426X0226/PZ3";"2014-03-01";"202.99"
"03426X0226/PZ3";"2014-03-02";"203.0"
"03426X0226/PZ3";"2014-03-03";"203.0"
"03426X0226/PZ3";"2014-03-04";"202.99"
"03426X0226/PZ3";"2014-03-05";"202.96"
"03426X0226/PZ3";"2014-03-06";"202.93"
"03426X0226/PZ3";"2014-03-07";"202.93"
"03426X0226/PZ3";"2014-03-08";"202.93"
"03426X0226/PZ3";"2014-03-09";"202.94"
"03426X0226/PZ3";"2014-03-10";"202.95"
"03426X0226/PZ3";"2014-03-11";"202.94"
"03426X0226/PZ3";"2014-03-12";"202.93"
"03426X0226/PZ3";"2014-03-13";"202.93"
"03426X0226/PZ3";"2014-03-14";"202.94"
"03426X0226/PZ3";"2014-03-15";"202.93"
"03426X0226/PZ3";"2014-03-16";"202.93"
"03426X0226/PZ3";"2014-03-17";"202.93"
"03426X0226/PZ3";"2014-03-18";"202.94"
"03426X0226/PZ3";"2014-03-19";"202.92"
"03426X0226/PZ3";"2014-03-20";"202.95"
"03426X0226/PZ3";"2014-03-21";"202.95"
"03426X0226/PZ3";"2014-03-22";"202.96"
"03426X0226/PZ3";"2014-03-23";"202.96"
"03426X0226/PZ3";"2014-03-24";"202.94"
"03426X0226/PZ3";"2014-03-25";"202.95"
"03426X0226/PZ3";"2014-03-26";"202.94"
"03426X0226/PZ3";"2014-03-27";"202.94"
"03426X0226/PZ3";"2014-03-28";"202.93"
"03426X0226/PZ3";"2014-03-29";"202.93"
"03426X0226/PZ3";"2014-03-30";"202.93"
"03426X0226/PZ3";"2014-03-31";"202.93"
"03426X0226/PZ3";"2014-04-01";"202.94"
"03426X0226/PZ3";"2014-04-02";"202.94"
"03426X0226/PZ3";"2014-04-03";"202.94"
"03426X0226/PZ3";"2014-04-04";"202.93"
"03426X0226/PZ3";"2014-04-05";"202.91"
"03426X0226/PZ3";"2014-04-06";"202.9"
"03426X0226/PZ3";"2014-04-07";"202.91"
"03426X0226/PZ3";"2014-04-08";"202.9"
"03426X0226/PZ3";"2014-04-09";"202.88"
"03426X0226/PZ3";"2014-04-10";"202.89"
"03426X0226/PZ3";"2014-04-11";"202.89"
"03426X0226/PZ3";"2014-04-12";"202.88"
"03426X0226/PZ3";"2014-04-13";"202.87"
"03426X0226/PZ3";"2014-04-14";"202.86"
"03426X0226/PZ3";"2014-04-15";"202.85"
"03426X0226/PZ3";"2014-04-16";"202.84"
"03426X0226/PZ3";"2014-04-17";"202.85"
"03426X0226/PZ3";"2014-04-18";"202.85"
"03426X0226/PZ3";"2014-04-19";"202.84"
"03426X0226/PZ3";"2014-04-20";"202.84"
"03426X0226/PZ3";"2014-04-21";"202.84"
"03426X0226/PZ3";"2014-04-22";"202.82"
"03426X0226/PZ3";"2014-04-23";"202.8"
"03426X0226/PZ3";"2014-04-24";"202.81"
"03426X0226/PZ3";"2014-04-25";"202.81"
"03426X0226/PZ3";"2014-04-26";"202.81"
"03426X0226/PZ3";"2014-04-27";"202.8"
"03426X0226/PZ3";"2014-04-28";"202.79"
"03426X0226/PZ3";"2014-04-29";"202.79"
"03426X0226/PZ3";"2014-04-30";"202.8"
"03426X0226/PZ3";"2014-05-01";"202.79"
"03426X0226/PZ3";"2014-05-02";"202.8"
"03426X0226/PZ3";"2014-05-03";"202.8"
"03426X0226/PZ3";"2014-05-04";"202.8"
"03426X0226/PZ3";"2014-05-05";"202.81"
"03426X0226/PZ3";"2014-05-06";"202.81"
"03426X0226/PZ3";"2014-05-07";"202.8"
"03426X0226/PZ3";"2014-05-08";"202.79"
"03426X0226/PZ3";"2014-05-09";"202.79"
"03426X0226/PZ3";"2014-05-10";"202.79"
"03426X0226/PZ3";"2014-05-11";"202.79"
"03426X0226/PZ3";"2014-05-12";"202.77"
"03426X0226/PZ3";"2014-05-13";"202.76"
"03426X0226/PZ3";"2014-05-14";"202.75"
"03426X0226/PZ3";"2014-05-15";"202.74"
"03426X0226/PZ3";"2014-05-16";"202.75"
"03426X0226/PZ3";"2014-05-17";"202.75"
"03426X0226/PZ3";"2014-05-18";"202.76"
"03426X0226/PZ3";"2014-05-19";"202.75"
"03426X0226/PZ3";"2014-05-20";"202.74"
"03426X0226/PZ3";"2014-05-21";"202.74"
"03426X0226/PZ3";"2014-05-22";"202.74"
"03426X0226/PZ3";"2014-05-23";"202.72"
"03426X0226/PZ3";"2014-05-24";"202.72"
"03426X0226/PZ3";"2014-05-25";"202.71"
"03426X0226/PZ3";"2014-05-26";"202.7"
"03426X0226/PZ3";"2014-05-27";"202.71"
"03426X0226/PZ3";"2014-05-28";"202.7"
"03426X0226/PZ3";"2014-05-29";"202.69"
"03426X0226/PZ3";"2014-05-30";"202.68"
"03426X0226/PZ3";"2014-05-31";"202.67"
"03426X0226/PZ3";"2014-06-01";"202.67"
"03426X0226/PZ3";"2014-06-02";"202.66"
"03426X0226/PZ3";"2014-06-03";"202.66"
"03426X0226/PZ3";"2014-06-04";"202.66"
"03426X0226/PZ3";"2014-06-05";"202.64"
"03426X0226/PZ3";"2014-06-06";"202.64"
"03426X0226/PZ3";"2014-06-07";"202.63"
"03426X0226/PZ3";"2014-06-08";"202.62"
"03426X0226/PZ3";"2014-06-09";"202.61"
"03426X0226/PZ3";"2014-06-10";"202.61"
"03426X0226/PZ3";"2014-06-11";"202.59"
"03426X0226/PZ3";"2014-06-12";"202.58"
"03426X0226/PZ3";"2014-06-13";"202.57"
"03426X0226/PZ3";"2014-06-14";"202.57"
"03426X0226/PZ3";"2014-06-15";"202.56"
"03426X0226/PZ3";"2014-06-16";"202.55"
"03426X0226/PZ3";"2014-06-17";"202.54"
"03426X0226/PZ3";"2014-06-18";"202.54"
"03426X0226/PZ3";"2014-06-19";"202.53"
"03426X0226/PZ3";"2014-06-20";"202.52"
"03426X0226/PZ3";"2014-06-21";"202.51"
"03426X0226/PZ3";"2014-06-22";"202.5"
"03426X0226/PZ3";"2014-06-23";"202.49"
"03426X0226/PZ3";"2014-06-24";"202.49"
"03426X0226/PZ3";"2014-06-25";"202.49"
"03426X0226/PZ3";"2014-06-26";"202.47"
"03426X0226/PZ3";"2014-06-27";"202.47"
"03426X0226/PZ3";"2014-06-28";"202.47"
"03426X0226/PZ3";"2014-06-29";"202.46"
"03426X0226/PZ3";"2014-06-30";"202.44"
"03426X0226/PZ3";"2014-07-01";"202.43"
"03426X0226/PZ3";"2014-07-02";"202.42"
"03426X0226/PZ3";"2014-07-03";"202.41"
"03426X0226/PZ3";"2014-07-04";"202.42"
"03426X0226/PZ3";"2014-07-05";"202.41"
"03426X0226/PZ3";"2014-07-06";"202.4"
"03426X0226/PZ3";"2014-07-07";"202.39"
"03426X0226/PZ3";"2014-07-08";"202.39"
"03426X0226/PZ3";"2014-07-09";"202.37"
"03426X0226/PZ3";"2014-07-10";"202.37"
"03426X0226/PZ3";"2014-07-11";"202.36"
"03426X0226/PZ3";"2014-07-12";"202.36"
"03426X0226/PZ3";"2014-07-13";"202.38"
"03426X0226/PZ3";"2014-07-14";"202.38"
"03426X0226/PZ3";"2014-07-15";"202.37"
"03426X0226/PZ3";"2014-07-16";"202.37"
"03426X0226/PZ3";"2014-07-17";"202.37"
"03426X0226/PZ3";"2014-07-18";"202.36"
"03426X0226/PZ3";"2014-07-19";"202.36"
"03426X0226/PZ3";"2014-07-20";"202.36"
"03426X0226/PZ3";"2014-07-21";"202.4"
"03426X0226/PZ3";"2014-07-22";"202.44"
"03426X0226/PZ3";"2014-07-23";"202.48"
"03426X0226/PZ3";"2014-07-24";"202.49"
"03426X0226/PZ3";"2014-07-25";"202.49"
"03426X0226/PZ3";"2014-07-26";"202.49"
"03426X0226/PZ3";"2014-07-27";"202.49"
"03426X0226/PZ3";"2014-07-28";"202.5"
"03426X0226/PZ3";"2014-07-29";"202.52"
"03426X0226/PZ3";"2014-07-30";"202.53"
"03426X0226/PZ3";"2014-07-31";"202.55"
"03426X0226/PZ3";"2014-08-01";"202.57"
"03426X0226/PZ3";"2014-08-02";"202.58"
"03426X0226/PZ3";"2014-08-03";"202.57"
"03426X0226/PZ3";"2014-08-04";"202.57"
"03426X0226/PZ3";"2014-08-05";"202.57"
"03426X0226/PZ3";"2014-08-06";"202.58"
"03426X0226/PZ3";"2014-08-07";"202.59"
"03426X0226/PZ3";"2014-08-08";"202.6"
"03426X0226/PZ3";"2014-08-09";"202.59"
"03426X0226/PZ3";"2014-08-10";"202.6"
"03426X0226/PZ3";"2014-08-11";"202.59"
"03426X0226/PZ3";"2014-08-12";"202.6"
"03426X0226/PZ3";"2014-08-13";"202.61"
"03426X0226/PZ3";"2014-08-14";"202.6"
"03426X0226/PZ3";"2014-08-15";"202.6"
"03426X0226/PZ3";"2014-08-16";"202.59"
"03426X0226/PZ3";"2014-08-17";"202.6"
"03426X0226/PZ3";"2014-08-18";"202.6"
"03426X0226/PZ3";"2014-08-19";"202.6"
"03426X0226/PZ3";"2014-08-20";"202.58"
"03426X0226/PZ3";"2014-08-21";"202.58"
"03426X0226/PZ3";"2014-08-22";"202.58"
"03426X0226/PZ3";"2014-08-23";"202.57"
"03426X0226/PZ3";"2014-08-24";"202.56"
"03426X0226/PZ3";"2014-08-25";"202.57"
"03426X0226/PZ3";"2014-08-26";"202.58"
"03426X0226/PZ3";"2014-08-27";"202.55"
"03426X0226/PZ3";"2014-08-28";"202.54"
"03426X0226/PZ3";"2014-08-29";"202.53"
"03426X0226/PZ3";"2014-08-30";"202.53"
"03426X0226/PZ3";"2014-08-31";"202.52"
"03426X0226/PZ3";"2014-09-01";"202.51"
"03426X0226/PZ3";"2014-09-02";"202.51"
"03426X0226/PZ3";"2014-09-03";"202.5"
"03426X0226/PZ3";"2014-09-04";"202.49"
"03426X0226/PZ3";"2014-09-05";"202.49"
"03426X0226/PZ3";"2014-09-06";"202.48"
"03426X0226/PZ3";"2014-09-07";"202.47"
"03426X0226/PZ3";"2014-09-08";"202.46"
"03426X0226/PZ3";"2014-09-09";"202.45"
"03426X0226/PZ3";"2014-09-10";"202.44"
"03426X0226/PZ3";"2014-09-11";"202.44"
"03426X0226/PZ3";"2014-09-12";"202.43"
"03426X0226/PZ3";"2014-09-13";"202.42"
"03426X0226/PZ3";"2014-09-14";"202.41"
"03426X0226/PZ3";"2014-09-15";"202.41"
"03426X0226/PZ3";"2014-09-16";"202.4"
"03426X0226/PZ3";"2014-09-17";"202.39"
"03426X0226/PZ3";"2014-09-18";"202.38"
"03426X0226/PZ3";"2014-09-19";"202.37"
"03426X0226/PZ3";"2014-09-20";"202.36"
"03426X0226/PZ3";"2014-09-21";"202.35"
"03426X0226/PZ3";"2014-09-22";"202.33"
"03426X0226/PZ3";"2014-09-23";"202.34"
"03426X0226/PZ3";"2014-09-24";"202.33"
"03426X0226/PZ3";"2014-09-25";"202.32"
"03426X0226/PZ3";"2014-09-26";"202.3"
"03426X0226/PZ3";"2014-09-27";"202.29"
"03426X0226/PZ3";"2014-09-28";"202.28"
"03426X0226/PZ3";"2014-09-29";"202.27"
"03426X0226/PZ3";"2014-09-30";"202.26"
"03426X0226/PZ3";"2014-10-01";"202.26"
"03426X0226/PZ3";"2014-10-02";"202.25"
"03426X0226/PZ3";"2014-10-03";"202.24"
"03426X0226/PZ3";"2014-10-04";"202.24"
"03426X0226/PZ3";"2014-10-05";"202.23"
"03426X0226/PZ3";"2014-10-06";"202.22"
"03426X0226/PZ3";"2014-10-07";"202.21"
"03426X0226/PZ3";"2014-10-08";"202.19"
"03426X0226/PZ3";"2014-10-09";"202.19"
"03426X0226/PZ3";"2014-10-10";"202.16"
"03426X0226/PZ3";"2014-10-11";"202.15"
"03426X0226/PZ3";"2014-10-12";"202.14"
"03426X0226/PZ3";"2014-10-13";"202.14"
"03426X0226/PZ3";"2014-10-14";"202.12"
"03426X0226/PZ3";"2014-10-15";"202.12"
"03426X0226/PZ3";"2014-10-16";"202.11"
"03426X0226/PZ3";"2014-10-17";"202.1"
"03426X0226/PZ3";"2014-10-18";"202.11"
"03426X0226/PZ3";"2014-10-19";"202.11"
"03426X0226/PZ3";"2014-10-20";"202.11"
"03426X0226/PZ3";"2014-10-21";"202.12"
"03426X0226/PZ3";"2014-10-22";"202.08"
"03426X0226/PZ3";"2014-10-23";"202.07"
"03426X0226/PZ3";"2014-10-24";"202.06"
"03426X0226/PZ3";"2014-10-25";"202.06"
"03426X0226/PZ3";"2014-10-26";"202.04"
"03426X0226/PZ3";"2014-10-27";"202.03"
"03426X0226/PZ3";"2014-10-28";"202.03"
"03426X0226/PZ3";"2014-10-29";"202.02"
"03426X0226/PZ3";"2014-10-30";"202.0"
"03426X0226/PZ3";"2014-10-31";"201.99"
"03426X0226/PZ3";"2014-11-01";"201.98"
"03426X0226/PZ3";"2014-11-02";"201.98"
"03426X0226/PZ3";"2014-11-03";"201.99"
"03426X0226/PZ3";"2014-11-04";"201.99"
"03426X0226/PZ3";"2014-11-05";"201.96"
"03426X0226/PZ3";"2014-11-06";"201.95"
"03426X0226/PZ3";"2014-11-07";"201.96"
"03426X0226/PZ3";"2014-11-08";"201.94"
"03426X0226/PZ3";"2014-11-09";"201.94"
"03426X0226/PZ3";"2014-11-10";"201.92"
"03426X0226/PZ3";"2014-11-11";"201.92"
"03426X0226/PZ3";"2014-11-12";"201.92"
"03426X0226/PZ3";"2014-11-13";"201.89"
"03426X0226/PZ3";"2014-11-14";"201.89"
"03426X0226/PZ3";"2014-11-15";"201.9"
"03426X0226/PZ3";"2014-11-16";"201.91"
"03426X0226/PZ3";"2014-11-17";"201.92"
"03426X0226/PZ3";"2014-11-18";"201.91"
"03426X0226/PZ3";"2014-11-19";"201.9"
"03426X0226/PZ3";"2014-11-20";"201.88"
"03426X0226/PZ3";"2014-11-21";"201.88"
"03426X0226/PZ3";"2014-11-22";"201.88"
"03426X0226/PZ3";"2014-11-23";"201.87"
"03426X0226/PZ3";"2014-11-24";"201.87"
"03426X0226/PZ3";"2014-11-25";"201.86"
"03426X0226/PZ3";"2014-11-26";"201.86"
"03426X0226/PZ3";"2014-11-27";"201.86"
"03426X0226/PZ3";"2014-11-28";"201.86"
"03426X0226/PZ3";"2014-11-29";"201.84"
"03426X0226/PZ3";"2014-11-30";"201.84"
"03426X0226/PZ3";"2014-12-01";"201.84"
"03426X0226/PZ3";"2014-12-02";"201.82"
"03426X0226/PZ3";"2014-12-03";"201.81"
"03426X0226/PZ3";"2014-12-04";"201.8"
"03426X0226/PZ3";"2014-12-05";"201.79"
"03426X0226/PZ3";"2014-12-06";"201.78"
"03426X0226/PZ3";"2014-12-07";"201.77"
"03426X0226/PZ3";"2014-12-08";"201.76"
"03426X0226/PZ3";"2014-12-09";"201.76"
"03426X0226/PZ3";"2014-12-10";"201.75"
"03426X0226/PZ3";"2014-12-11";"201.74"
"03426X0226/PZ3";"2014-12-12";"201.75"
"03426X0226/PZ3";"2014-12-13";"201.74"
"03426X0226/PZ3";"2014-12-14";"201.72"
"03426X0226/PZ3";"2014-12-15";"201.72"
"03426X0226/PZ3";"2014-12-16";"201.71"
"03426X0226/PZ3";"2014-12-17";"201.71"
"03426X0226/PZ3";"2014-12-18";"201.69"
"03426X0226/PZ3";"2014-12-19";"201.68"
"03426X0226/PZ3";"2014-12-20";"201.66"
"03426X0226/PZ3";"2014-12-21";"201.64"
"03426X0226/PZ3";"2014-12-22";"201.64"
"03426X0226/PZ3";"2014-12-23";"201.64"
"03426X0226/PZ3";"2014-12-24";"201.63"
"03426X0226/PZ3";"2014-12-25";"201.62"
"03426X0226/PZ3";"2014-12-26";"201.61"
"03426X0226/PZ3";"2014-12-27";"201.65"
"03426X0226/PZ3";"2014-12-28";"201.63"
"03426X0226/PZ3";"2014-12-29";"201.56"
"03426X0226/PZ3";"2014-12-30";"201.56"
"03426X0226/PZ3";"2014-12-31";"201.55"
"03426X0226/PZ3";"2015-01-01";"201.54"
"03426X0226/PZ3";"2015-01-02";"201.54"
"03426X0226/PZ3";"2015-01-03";"201.56"
"03426X0226/PZ3";"2015-01-04";"201.54"
"03426X0226/PZ3";"2015-01-05";"201.52"
"03426X0226/PZ3";"2015-01-06";"201.52"
"03426X0226/PZ3";"2015-01-07";"201.5"
"03426X0226/PZ3";"2015-01-08";"201.49"
"03426X0226/PZ3";"2015-01-09";"201.5"
"03426X0226/PZ3";"2015-01-10";"201.5"
"03426X0226/PZ3";"2015-01-11";"201.5"
"03426X0226/PZ3";"2015-01-12";"201.48"
"03426X0226/PZ3";"2015-01-13";"201.49"
"03426X0226/PZ3";"2015-01-14";"201.48"
"03426X0226/PZ3";"2015-01-15";"201.48"
"03426X0226/PZ3";"2015-01-16";"201.47"
"03426X0226/PZ3";"2015-01-17";"201.46"
"03426X0226/PZ3";"2015-01-18";"201.49"
"03426X0226/PZ3";"2015-01-19";"201.5"
"03426X0226/PZ3";"2015-01-20";"201.5"
"03426X0226/PZ3";"2015-01-21";"201.5"
"03426X0226/PZ3";"2015-01-22";"201.49"
"03426X0226/PZ3";"2015-01-23";"201.46"
"03426X0226/PZ3";"2015-01-24";"201.46"
"03426X0226/PZ3";"2015-01-25";"201.45"
"03426X0226/PZ3";"2015-01-26";"201.46"
"03426X0226/PZ3";"2015-01-27";"201.46"
"03426X0226/PZ3";"2015-01-28";"201.49"
"03426X0226/PZ3";"2015-01-29";"201.53"
"03426X0226/PZ3";"2015-01-30";"201.53"
"03426X0226/PZ3";"2015-01-31";"201.5"
"03426X0226/PZ3";"2015-02-01";"201.49"
"03426X0226/PZ3";"2015-02-02";"201.46"
"03426X0226/PZ3";"2015-02-03";"201.46"
"03426X0226/PZ3";"2015-02-04";"201.45"
"03426X0226/PZ3";"2015-02-05";"201.44"
"03426X0226/PZ3";"2015-02-06";"201.44"
"03426X0226/PZ3";"2015-02-07";"201.42"
"03426X0226/PZ3";"2015-02-08";"201.42"
"03426X0226/PZ3";"2015-02-09";"201.42"
"03426X0226/PZ3";"2015-02-10";"201.43"
"03426X0226/PZ3";"2015-02-11";"201.45"
"03426X0226/PZ3";"2015-02-12";"201.45"
"03426X0226/PZ3";"2015-02-13";"201.46"
"03426X0226/PZ3";"2015-02-14";"201.47"
"03426X0226/PZ3";"2015-02-15";"201.47"
"03426X0226/PZ3";"2015-02-16";"201.44"
"03426X0226/PZ3";"2015-02-17";"201.43"
"03426X0226/PZ3";"2015-02-18";"201.42"
"03426X0226/PZ3";"2015-02-19";"201.44"
"03426X0226/PZ3";"2015-02-20";"201.48"
"03426X0226/PZ3";"2015-02-21";"201.49"
"03426X0226/PZ3";"2015-02-22";"201.47"
"03426X0226/PZ3";"2015-02-23";"201.48"
"03426X0226/PZ3";"2015-02-24";"201.46"
"03426X0226/PZ3";"2015-02-25";"201.44"
"03426X0226/PZ3";"2015-02-26";"201.45"
"03426X0226/PZ3";"2015-02-27";"201.46"
"03426X0226/PZ3";"2015-02-28";"201.45"
"03426X0226/PZ3";"2015-03-01";"201.46"
"03426X0226/PZ3";"2015-03-02";"201.47"
"03426X0226/PZ3";"2015-03-03";"201.45"
"03426X0226/PZ3";"2015-03-04";"201.44"
"03426X0226/PZ3";"2015-03-05";"201.43"
"03426X0226/PZ3";"2015-03-06";"201.44"
"03426X0226/PZ3";"2015-03-07";"201.45"
"03426X0226/PZ3";"2015-03-08";"201.46"
"03426X0226/PZ3";"2015-03-09";"201.46"
"03426X0226/PZ3";"2015-03-10";"201.46"
"03426X0226/PZ3";"2015-03-11";"201.46"
"03426X0226/PZ3";"2015-03-12";"201.46"
"03426X0226/PZ3";"2015-03-13";"201.47"
"03426X0226/PZ3";"2015-03-14";"201.46"
"03426X0226/PZ3";"2015-03-15";"201.46"
"03426X0226/PZ3";"2015-03-16";"201.46"
"03426X0226/PZ3";"2015-03-17";"201.45"
"03426X0226/PZ3";"2015-03-18";"201.45"
"03426X0226/PZ3";"2015-03-19";"201.45"
"03426X0226/PZ3";"2015-03-20";"201.46"
"03426X0226/PZ3";"2015-03-21";"201.46"
"03426X0226/PZ3";"2015-03-22";"201.45"
"03426X0226/PZ3";"2015-03-23";"201.46"
"03426X0226/PZ3";"2015-03-24";"201.47"
"03426X0226/PZ3";"2015-03-25";"201.47"
"03426X0226/PZ3";"2015-03-26";"201.45"
"03426X0226/PZ3";"2015-03-27";"201.43"
"03426X0226/PZ3";"2015-03-28";"201.43"
"03426X0226/PZ3";"2015-03-29";"201.45"
"03426X0226/PZ3";"2015-03-30";"201.46"
"03426X0226/PZ3";"2015-03-31";"201.45"
"03426X0226/PZ3";"2015-04-01";"201.42"
"03426X0226/PZ3";"2015-04-02";"201.43"
"03426X0226/PZ3";"2015-04-03";"201.43"
"03426X0226/PZ3";"2015-04-04";"201.44"
"03426X0226/PZ3";"2015-04-05";"201.42"
"03426X0226/PZ3";"2015-04-06";"201.41"
"03426X0226/PZ3";"2015-04-07";"201.41"
"03426X0226/PZ3";"2015-04-08";"201.42"
"03426X0226/PZ3";"2015-04-09";"201.43"
"03426X0226/PZ3";"2015-04-10";"201.44"
"03426X0226/PZ3";"2015-04-11";"201.43"
"03426X0226/PZ3";"2015-04-12";"201.42"
"03426X0226/PZ3";"2015-04-13";"201.42"
"03426X0226/PZ3";"2015-04-14";"201.43"
"03426X0226/PZ3";"2015-04-15";"201.45"
"03426X0226/PZ3";"2015-04-16";"201.45"
"03426X0226/PZ3";"2015-04-17";"201.44"
"03426X0226/PZ3";"2015-04-18";"201.43"
"03426X0226/PZ3";"2015-04-19";"201.43"
"03426X0226/PZ3";"2015-04-20";"201.42"
"03426X0226/PZ3";"2015-04-21";"201.42"
"03426X0226/PZ3";"2015-04-22";"201.43"
"03426X0226/PZ3";"2015-04-23";"201.44"
"03426X0226/PZ3";"2015-04-24";"201.44"
"03426X0226/PZ3";"2015-04-25";"201.44"
"03426X0226/PZ3";"2015-04-26";"201.45"
"03426X0226/PZ3";"2015-04-27";"201.45"
"03426X0226/PZ3";"2015-04-28";"201.43"
"03426X0226/PZ3";"2015-04-29";"201.42"
"03426X0226/PZ3";"2015-04-30";"201.42"
"03426X0226/PZ3";"2015-05-01";"201.43"
"03426X0226/PZ3";"2015-05-02";"201.45"
"03426X0226/PZ3";"2015-05-03";"201.47"
"03426X0226/PZ3";"2015-05-04";"201.51"
"03426X0226/PZ3";"2015-05-05";"201.51"
"03426X0226/PZ3";"2015-05-06";"201.5"
"03426X0226/PZ3";"2015-05-07";"201.51"
"03426X0226/PZ3";"2015-05-08";"201.52"
"03426X0226/PZ3";"2015-05-09";"201.51"
"03426X0226/PZ3";"2015-05-10";"201.51"
"03426X0226/PZ3";"2015-05-11";"201.52"
"03426X0226/PZ3";"2015-05-12";"201.52"
"03426X0226/PZ3";"2015-05-13";"201.54"
"03426X0226/PZ3";"2015-05-14";"201.53"
"03426X0226/PZ3";"2015-05-15";"201.53"
"03426X0226/PZ3";"2015-05-16";"201.51"
"03426X0226/PZ3";"2015-05-17";"201.53"
"03426X0226/PZ3";"2015-05-18";"201.55"
"03426X0226/PZ3";"2015-05-19";"201.54"
"03426X0226/PZ3";"2015-05-20";"201.53"
"03426X0226/PZ3";"2015-05-21";"201.52"
"03426X0226/PZ3";"2015-05-22";"201.53"
"03426X0226/PZ3";"2015-05-23";"201.54"
"03426X0226/PZ3";"2015-05-24";"201.55"
"03426X0226/PZ3";"2015-05-25";"201.55"
"03426X0226/PZ3";"2015-05-26";"201.54"
"03426X0226/PZ3";"2015-05-27";"201.53"
"03426X0226/PZ3";"2015-05-28";"201.54"
"03426X0226/PZ3";"2015-05-29";"201.55"
"03426X0226/PZ3";"2015-05-30";"201.54"
"03426X0226/PZ3";"2015-05-31";"201.54"
"03426X0226/PZ3";"2015-06-01";"201.54"
"03426X0226/PZ3";"2015-06-02";"201.53"
"03426X0226/PZ3";"2015-06-03";"201.52"
"03426X0226/PZ3";"2015-06-04";"201.52"
"03426X0226/PZ3";"2015-06-05";"201.53"
"03426X0226/PZ3";"2015-06-06";"201.52"
"03426X0226/PZ3";"2015-06-07";"201.52"
"03426X0226/PZ3";"2015-06-08";"201.52"
"03426X0226/PZ3";"2015-06-09";"201.53"
"03426X0226/PZ3";"2015-06-10";"201.53"
"03426X0226/PZ3";"2015-06-11";"201.55"
"03426X0226/PZ3";"2015-06-12";"201.55"
"03426X0226/PZ3";"2015-06-13";"201.55"
"03426X0226/PZ3";"2015-06-14";"201.55"
"03426X0226/PZ3";"2015-06-15";"201.54"
"03426X0226/PZ3";"2015-06-16";"201.53"
"03426X0226/PZ3";"2015-06-17";"201.53"
"03426X0226/PZ3";"2015-06-18";"201.54"
"03426X0226/PZ3";"2015-06-19";"201.53"
"03426X0226/PZ3";"2015-06-20";"201.53"
"03426X0226/PZ3";"2015-06-21";"201.54"
"03426X0226/PZ3";"2015-06-22";"201.55"
"03426X0226/PZ3";"2015-06-23";"201.54"
"03426X0226/PZ3";"2015-06-24";"201.52"
"03426X0226/PZ3";"2015-06-25";"201.52"
"03426X0226/PZ3";"2015-06-26";"201.52"
"03426X0226/PZ3";"2015-06-27";"201.52"
"03426X0226/PZ3";"2015-06-28";"201.51"
"03426X0226/PZ3";"2015-06-29";"201.51"
"03426X0226/PZ3";"2015-06-30";"201.51"
"03426X0226/PZ3";"2015-07-01";"201.51"
"03426X0226/PZ3";"2015-07-02";"201.5"
"03426X0226/PZ3";"2015-07-03";"201.49"
"03426X0226/PZ3";"2015-07-04";"201.49"
"03426X0226/PZ3";"2015-07-05";"201.5"
"03426X0226/PZ3";"2015-07-06";"201.49"
"03426X0226/PZ3";"2015-07-07";"201.51"
"03426X0226/PZ3";"2015-07-08";"201.49"
"03426X0226/PZ3";"2015-07-09";"201.48"
"03426X0226/PZ3";"2015-07-10";"201.49"
"03426X0226/PZ3";"2015-07-11";"201.5"
"03426X0226/PZ3";"2015-07-12";"201.49"
"03426X0226/PZ3";"2015-07-13";"201.49"
"03426X0226/PZ3";"2015-07-14";"201.49"
"03426X0226/PZ3";"2015-07-15";"201.49"
"03426X0226/PZ3";"2015-07-16";"201.5"
"03426X0226/PZ3";"2015-07-17";"201.5"
"03426X0226/PZ3";"2015-07-18";"201.5"
"03426X0226/PZ3";"2015-07-19";"201.51"
"03426X0226/PZ3";"2015-07-20";"201.52"
"03426X0226/PZ3";"2015-07-21";"201.52"
"03426X0226/PZ3";"2015-07-22";"201.53"
"03426X0226/PZ3";"2015-07-23";"201.54"
"03426X0226/PZ3";"2015-07-24";"201.56"
"03426X0226/PZ3";"2015-07-25";"201.55"
"03426X0226/PZ3";"2015-07-26";"201.57"
"03426X0226/PZ3";"2015-07-27";"201.57"
"03426X0226/PZ3";"2015-07-28";"201.58"
"03426X0226/PZ3";"2015-07-29";"201.58"
"03426X0226/PZ3";"2015-07-30";"201.58"
"03426X0226/PZ3";"2015-07-31";"201.59"
"03426X0226/PZ3";"2015-08-01";"201.59"
"03426X0226/PZ3";"2015-08-02";"201.59"
"03426X0226/PZ3";"2015-08-03";"201.6"
"03426X0226/PZ3";"2015-08-04";"201.59"
"03426X0226/PZ3";"2015-08-05";"201.6"
"03426X0226/PZ3";"2015-08-06";"201.6"
"03426X0226/PZ3";"2015-08-07";"201.6"
"03426X0226/PZ3";"2015-08-08";"201.59"
"03426X0226/PZ3";"2015-08-09";"201.6"
"03426X0226/PZ3";"2015-08-10";"201.62"
"03426X0226/PZ3";"2015-08-11";"201.63"
"03426X0226/PZ3";"2015-08-12";"201.64"
"03426X0226/PZ3";"2015-08-13";"201.66"
"03426X0226/PZ3";"2015-08-14";"201.67"
"03426X0226/PZ3";"2015-08-15";"201.67"
"03426X0226/PZ3";"2015-08-16";"201.68"
"03426X0226/PZ3";"2015-08-17";"201.68"
"03426X0226/PZ3";"2015-08-18";"201.68"
"03426X0226/PZ3";"2015-08-19";"201.68"
"03426X0226/PZ3";"2015-08-20";"201.68"
"03426X0226/PZ3";"2015-08-21";"201.68"
"03426X0226/PZ3";"2015-08-22";"201.7"
"03426X0226/PZ3";"2015-08-23";"201.7"
"03426X0226/PZ3";"2015-08-24";"201.7"
"03426X0226/PZ3";"2015-08-25";"201.69"
"03426X0226/PZ3";"2015-08-26";"201.7"
"03426X0226/PZ3";"2015-08-27";"201.71"
"03426X0226/PZ3";"2015-08-28";"201.69"
"03426X0226/PZ3";"2015-08-29";"201.69"
"03426X0226/PZ3";"2015-08-30";"201.69"
"03426X0226/PZ3";"2015-08-31";"201.7"
"03426X0226/PZ3";"2015-09-01";"201.7"
"03426X0226/PZ3";"2015-09-02";"201.68"
"03426X0226/PZ3";"2015-09-03";"201.68"
"03426X0226/PZ3";"2015-09-04";"201.67"
"03426X0226/PZ3";"2015-09-05";"201.66"
"03426X0226/PZ3";"2015-09-06";"201.66"
"03426X0226/PZ3";"2015-09-07";"201.65"
"03426X0226/PZ3";"2015-09-08";"201.65"
"03426X0226/PZ3";"2015-09-09";"201.66"
"03426X0226/PZ3";"2015-09-10";"201.65"
"03426X0226/PZ3";"2015-09-11";"201.65"
"03426X0226/PZ3";"2015-09-12";"201.65"
"03426X0226/PZ3";"2015-09-13";"201.66"
"03426X0226/PZ3";"2015-09-14";"201.66"
"03426X0226/PZ3";"2015-09-15";"201.66"
"03426X0226/PZ3";"2015-09-16";"201.68"
"03426X0226/PZ3";"2015-09-17";"201.66"
"03426X0226/PZ3";"2015-09-18";"201.65"
"03426X0226/PZ3";"2015-09-19";"201.65"
"03426X0226/PZ3";"2015-09-20";"201.66"
"03426X0226/PZ3";"2015-09-21";"201.68"
"03426X0226/PZ3";"2015-09-22";"201.69"
"03426X0226/PZ3";"2015-09-23";"201.68"
"03426X0226/PZ3";"2015-09-24";"201.66"
"03426X0226/PZ3";"2015-09-25";"201.65"
"03426X0226/PZ3";"2015-09-26";"201.65"
"03426X0226/PZ3";"2015-09-27";"201.64"
"03426X0226/PZ3";"2015-09-28";"201.63"
"03426X0226/PZ3";"2015-09-29";"201.63"
"03426X0226/PZ3";"2015-09-30";"201.63"
"03426X0226/PZ3";"2015-10-01";"201.63"
"03426X0226/PZ3";"2015-10-02";"201.63"
"03426X0226/PZ3";"2015-10-03";"201.63"
"03426X0226/PZ3";"2015-10-04";"201.63"
"03426X0226/PZ3";"2015-10-05";"201.64"
"03426X0226/PZ3";"2015-10-06";"201.65"
"03426X0226/PZ3";"2015-10-07";"201.63"
"03426X0226/PZ3";"2015-10-08";"201.62"
"03426X0226/PZ3";"2015-10-09";"201.62"
"03426X0226/PZ3";"2015-10-10";"201.63"
"03426X0226/PZ3";"2015-10-11";"201.62"
"03426X0226/PZ3";"2015-10-12";"201.61"
"03426X0226/PZ3";"2015-10-13";"201.6"
"03426X0226/PZ3";"2015-10-14";"201.59"
"03426X0226/PZ3";"2015-10-15";"201.58"
"03426X0226/PZ3";"2015-10-16";"201.57"
"03426X0226/PZ3";"2015-10-17";"201.56"
"03426X0226/PZ3";"2015-10-18";"201.55"
"03426X0226/PZ3";"2015-10-19";"201.53"
"03426X0226/PZ3";"2015-10-20";"201.53"
"03426X0226/PZ3";"2015-10-21";"201.52"
"03426X0226/PZ3";"2015-10-22";"201.52"
"03426X0226/PZ3";"2015-10-23";"201.5"
"03426X0226/PZ3";"2015-10-24";"201.5"
"03426X0226/PZ3";"2015-10-25";"201.48"
"03426X0226/PZ3";"2015-10-26";"201.48"
"03426X0226/PZ3";"2015-10-27";"201.48"
"03426X0226/PZ3";"2015-10-28";"201.47"
"03426X0226/PZ3";"2015-10-29";"201.46"
"03426X0226/PZ3";"2015-10-30";"201.44"
"03426X0226/PZ3";"2015-10-31";"201.43"
"03426X0226/PZ3";"2015-11-01";"201.41"
"03426X0226/PZ3";"2015-11-02";"201.41"
"03426X0226/PZ3";"2015-11-03";"201.4"
"03426X0226/PZ3";"2015-11-04";"201.4"
"03426X0226/PZ3";"2015-11-05";"201.39"
"03426X0226/PZ3";"2015-11-06";"201.38"
"03426X0226/PZ3";"2015-11-07";"201.37"
"03426X0226/PZ3";"2015-11-08";"201.36"
"03426X0226/PZ3";"2015-11-09";"201.36"
"03426X0226/PZ3";"2015-11-10";"201.35"
"03426X0226/PZ3";"2015-11-11";"201.34"
"03426X0226/PZ3";"2015-11-12";"201.33"
"03426X0226/PZ3";"2015-11-13";"201.32"
"03426X0226/PZ3";"2015-11-14";"201.31"
"03426X0226/PZ3";"2015-11-15";"201.31"
"03426X0226/PZ3";"2015-11-16";"201.3"
"03426X0226/PZ3";"2015-11-17";"201.3"
"03426X0226/PZ3";"2015-11-18";"201.29"
"03426X0226/PZ3";"2015-11-19";"201.28"
"03426X0226/PZ3";"2015-11-20";"201.3"
"03426X0226/PZ3";"2015-11-21";"201.3"
"03426X0226/PZ3";"2015-11-22";"201.29"
"03426X0226/PZ3";"2015-11-23";"201.27"
"03426X0226/PZ3";"2015-11-24";"201.27"
"03426X0226/PZ3";"2015-11-25";"201.27"
"03426X0226/PZ3";"2015-11-26";"201.26"
"03426X0226/PZ3";"2015-11-27";"201.23"
"03426X0226/PZ3";"2015-11-28";"201.23"
"03426X0226/PZ3";"2015-11-29";"201.21"
"03426X0226/PZ3";"2015-11-30";"201.19"
"03426X0226/PZ3";"2015-12-01";"201.18"
"03426X0226/PZ3";"2015-12-02";"201.17"
"03426X0226/PZ3";"2015-12-03";"201.16"
"03426X0226/PZ3";"2015-12-04";"201.15"
"03426X0226/PZ3";"2015-12-05";"201.13"
"03426X0226/PZ3";"2015-12-06";"201.13"
"03426X0226/PZ3";"2015-12-07";"201.12"
"03426X0226/PZ3";"2015-12-08";"201.11"
"03426X0226/PZ3";"2015-12-09";"201.1"
"03426X0226/PZ3";"2015-12-10";"201.1"
"03426X0226/PZ3";"2015-12-11";"201.09"
"03426X0226/PZ3";"2015-12-12";"201.08"
"03426X0226/PZ3";"2015-12-13";"201.08"
"03426X0226/PZ3";"2015-12-14";"201.07"
"03426X0226/PZ3";"2015-12-15";"201.06"
"03426X0226/PZ3";"2015-12-16";"201.04"
"03426X0226/PZ3";"2015-12-17";"201.04"
"03426X0226/PZ3";"2015-12-18";"201.03"
"03426X0226/PZ3";"2015-12-19";"201.02"
"03426X0226/PZ3";"2015-12-20";"201.02"
"03426X0226/PZ3";"2015-12-21";"201.01"
"03426X0226/PZ3";"2015-12-22";"200.99"
"03426X0226/PZ3";"2015-12-23";"200.99"
"03426X0226/PZ3";"2015-12-24";"200.98"
"03426X0226/PZ3";"2015-12-25";"200.97"
"03426X0226/PZ3";"2015-12-26";"200.96"
"03426X0226/PZ3";"2015-12-27";"200.95"
"03426X0226/PZ3";"2015-12-28";"200.94"
"03426X0226/PZ3";"2015-12-29";"200.94"
"03426X0226/PZ3";"2015-12-30";"200.93"
"03426X0226/PZ3";"2015-12-31";"200.92"
"03426X0226/PZ3";"2016-01-01";"200.91"
"03426X0226/PZ3";"2016-01-02";"200.91"
"03426X0226/PZ3";"2016-01-03";"200.92"
"03426X0226/PZ3";"2016-01-04";"200.92"
"03426X0226/PZ3";"2016-01-05";"200.9"
"03426X0226/PZ3";"2016-01-06";"200.89"
"03426X0226/PZ3";"2016-01-07";"200.89"
"03426X0226/PZ3";"2016-01-08";"200.87"
"03426X0226/PZ3";"2016-01-09";"200.87"
"03426X0226/PZ3";"2016-01-10";"200.88"
"03426X0226/PZ3";"2016-01-11";"200.88"
"03426X0226/PZ3";"2016-01-12";"200.88"
"03426X0226/PZ3";"2016-01-13";"200.89"
"03426X0226/PZ3";"2016-01-14";"200.92"
"03426X0226/PZ3";"2016-01-15";"200.92"
"03426X0226/PZ3";"2016-01-16";"200.91"
"03426X0226/PZ3";"2016-01-17";"200.9"
"03426X0226/PZ3";"2016-01-18";"200.91"
"03426X0226/PZ3";"2016-01-19";"200.9"
"03426X0226/PZ3";"2016-01-20";"200.89"
"03426X0226/PZ3";"2016-01-21";"200.88"
"03426X0226/PZ3";"2016-01-22";"200.86"
"03426X0226/PZ3";"2016-01-23";"200.86"
"03426X0226/PZ3";"2016-01-24";"200.85"
"03426X0226/PZ3";"2016-01-25";"200.86"
"03426X0226/PZ3";"2016-01-26";"200.86"
"03426X0226/PZ3";"2016-01-27";"200.87"
"03426X0226/PZ3";"2016-01-28";"200.87"
"03426X0226/PZ3";"2016-01-29";"200.85"
"03426X0226/PZ3";"2016-01-30";"200.87"
"03426X0226/PZ3";"2016-01-31";"200.87"
"03426X0226/PZ3";"2016-02-01";"200.87"
"03426X0226/PZ3";"2016-02-02";"200.88"
"03426X0226/PZ3";"2016-02-03";"200.89"
"03426X0226/PZ3";"2016-02-04";"200.87"
"03426X0226/PZ3";"2016-02-05";"200.86"
"03426X0226/PZ3";"2016-02-06";"200.89"
"03426X0226/PZ3";"2016-02-07";"200.89"
"03426X0226/PZ3";"2016-02-08";"200.89"
"03426X0226/PZ3";"2016-02-09";"200.91"
"03426X0226/PZ3";"2016-02-10";"200.9"
"03426X0226/PZ3";"2016-02-11";"200.91"
"03426X0226/PZ3";"2016-02-12";"200.94"
"03426X0226/PZ3";"2016-02-13";"200.95"
"03426X0226/PZ3";"2016-02-14";"200.96"
"03426X0226/PZ3";"2016-02-15";"200.95"
"03426X0226/PZ3";"2016-02-16";"200.96"
"03426X0226/PZ3";"2016-02-17";"200.98"
"03426X0226/PZ3";"2016-02-18";"200.99"
"03426X0226/PZ3";"2016-02-19";"200.98"
"03426X0226/PZ3";"2016-02-20";"200.99"
"03426X0226/PZ3";"2016-02-21";"201.01"
"03426X0226/PZ3";"2016-02-22";"201.02"
"03426X0226/PZ3";"2016-02-23";"201.03"
"03426X0226/PZ3";"2016-02-24";"201.03"
"03426X0226/PZ3";"2016-02-25";"201.04"
"03426X0226/PZ3";"2016-02-26";"201.05"
"03426X0226/PZ3";"2016-02-27";"201.06"
"03426X0226/PZ3";"2016-02-28";"201.06"
"03426X0226/PZ3";"2016-02-29";"201.06"
"03426X0226/PZ3";"2016-03-01";"201.07"
"03426X0226/PZ3";"2016-03-02";"201.09"
"03426X0226/PZ3";"2016-03-03";"201.09"
"03426X0226/PZ3";"2016-03-04";"201.11"
"03426X0226/PZ3";"2016-03-05";"201.11"
"03426X0226/PZ3";"2016-03-06";"201.1"
"03426X0226/PZ3";"2016-03-07";"201.11"
"03426X0226/PZ3";"2016-03-08";"201.1"
"03426X0226/PZ3";"2016-03-09";"201.13"
"03426X0226/PZ3";"2016-03-10";"201.12"
"03426X0226/PZ3";"2016-03-11";"201.11"
"03426X0226/PZ3";"2016-03-12";"201.11"
"03426X0226/PZ3";"2016-03-13";"201.12"
"03426X0226/PZ3";"2016-03-14";"201.12"
"03426X0226/PZ3";"2016-03-15";"201.13"
"03426X0226/PZ3";"2016-03-16";"201.14"
"03426X0226/PZ3";"2016-03-17";"201.14"
"03426X0226/PZ3";"2016-03-18";"201.15"
"03426X0226/PZ3";"2016-03-19";"201.15"
"03426X0226/PZ3";"2016-03-20";"201.15"
"03426X0226/PZ3";"2016-03-21";"201.16"
"03426X0226/PZ3";"2016-03-22";"201.17"
"03426X0226/PZ3";"2016-03-23";"201.18"
"03426X0226/PZ3";"2016-03-24";"201.16"
"03426X0226/PZ3";"2016-03-25";"201.17"
"03426X0226/PZ3";"2016-03-26";"201.18"
"03426X0226/PZ3";"2016-03-27";"201.18"
"03426X0226/PZ3";"2016-03-28";"201.19"
"03426X0226/PZ3";"2016-03-29";"201.18"
"03426X0226/PZ3";"2016-03-30";"201.19"
"03426X0226/PZ3";"2016-03-31";"201.2"
"03426X0226/PZ3";"2016-04-01";"201.19"
"03426X0226/PZ3";"2016-04-02";"201.2"
"03426X0226/PZ3";"2016-04-03";"201.21"
"03426X0226/PZ3";"2016-04-04";"201.21"
"03426X0226/PZ3";"2016-04-05";"201.22"
"03426X0226/PZ3";"2016-04-06";"201.22"
"03426X0226/PZ3";"2016-04-07";"201.22"
"03426X0226/PZ3";"2016-04-08";"201.23"
"03426X0226/PZ3";"2016-04-09";"201.23"
"03426X0226/PZ3";"2016-04-10";"201.24"
"03426X0226/PZ3";"2016-04-11";"201.24"
"03426X0226/PZ3";"2016-04-12";"201.25"
"03426X0226/PZ3";"2016-04-13";"201.25"
"03426X0226/PZ3";"2016-04-14";"201.25"
"03426X0226/PZ3";"2016-04-15";"201.26"
"03426X0226/PZ3";"2016-04-16";"201.27"
"03426X0226/PZ3";"2016-04-17";"201.27"
"03426X0226/PZ3";"2016-04-18";"201.27"
"03426X0226/PZ3";"2016-04-19";"201.29"
"03426X0226/PZ3";"2016-04-20";"201.31"
"03426X0226/PZ3";"2016-04-21";"201.32"
"03426X0226/PZ3";"2016-04-22";"201.34"
"03426X0226/PZ3";"2016-04-23";"201.34"
"03426X0226/PZ3";"2016-04-24";"201.34"
"03426X0226/PZ3";"2016-04-25";"201.36"
"03426X0226/PZ3";"2016-04-26";"201.36"
"03426X0226/PZ3";"2016-04-27";"201.35"
"03426X0226/PZ3";"2016-04-28";"201.34"
"03426X0226/PZ3";"2016-04-29";"201.35"
"03426X0226/PZ3";"2016-04-30";"201.36"
"03426X0226/PZ3";"2016-05-01";"201.36"
"03426X0226/PZ3";"2016-05-02";"201.38"
"03426X0226/PZ3";"2016-05-03";"201.38"
"03426X0226/PZ3";"2016-05-04";"201.39"
"03426X0226/PZ3";"2016-05-05";"201.41"
"03426X0226/PZ3";"2016-05-06";"201.42"
"03426X0226/PZ3";"2016-05-07";"201.43"
"03426X0226/PZ3";"2016-05-08";"201.44"
"03426X0226/PZ3";"2016-05-09";"201.44"
"03426X0226/PZ3";"2016-05-10";"201.45"
"03426X0226/PZ3";"2016-05-11";"201.47"
"03426X0226/PZ3";"2016-05-12";"201.48"
"03426X0226/PZ3";"2016-05-13";"201.49"
"03426X0226/PZ3";"2016-05-14";"201.5"
"03426X0226/PZ3";"2016-05-15";"201.5"
"03426X0226/PZ3";"2016-05-16";"201.51"
"03426X0226/PZ3";"2016-05-17";"201.53"
"03426X0226/PZ3";"2016-05-18";"201.56"
"03426X0226/PZ3";"2016-05-19";"201.56"
"03426X0226/PZ3";"2016-05-20";"201.56"
"03426X0226/PZ3";"2016-05-21";"201.58"
"03426X0226/PZ3";"2016-05-22";"201.59"
"03426X0226/PZ3";"2016-05-23";"201.59"
"03426X0226/PZ3";"2016-05-24";"201.6"
"03426X0226/PZ3";"2016-05-25";"201.61"
"03426X0226/PZ3";"2016-05-26";"201.62"
"03426X0226/PZ3";"2016-05-27";"201.63"
"03426X0226/PZ3";"2016-05-28";"201.64"
"03426X0226/PZ3";"2016-05-29";"201.65"
"03426X0226/PZ3";"2016-05-30";"201.65"
"03426X0226/PZ3";"2016-05-31";"201.65"
"03426X0226/PZ3";"2016-06-01";"201.66"
"03426X0226/PZ3";"2016-06-02";"201.67"
"03426X0226/PZ3";"2016-06-03";"201.69"
"03426X0226/PZ3";"2016-06-04";"201.69"
"03426X0226/PZ3";"2016-06-05";"201.7"
"03426X0226/PZ3";"2016-06-06";"201.71"
"03426X0226/PZ3";"2016-06-07";"201.73"
"03426X0226/PZ3";"2016-06-08";"201.74"
"03426X0226/PZ3";"2016-06-09";"201.75"
"03426X0226/PZ3";"2016-06-10";"201.77"
"03426X0226/PZ3";"2016-06-11";"201.78"
"03426X0226/PZ3";"2016-06-12";"201.79"
"03426X0226/PZ3";"2016-06-13";"201.81"
"03426X0226/PZ3";"2016-06-14";"201.82"
"03426X0226/PZ3";"2016-06-15";"201.83"
"03426X0226/PZ3";"2016-06-16";"201.84"
"03426X0226/PZ3";"2016-06-17";"201.83"
"03426X0226/PZ3";"2016-06-18";"201.83"
"03426X0226/PZ3";"2016-06-19";"201.84"
"03426X0226/PZ3";"2016-06-20";"201.86"
"03426X0226/PZ3";"2016-06-21";"201.86"
"03426X0226/PZ3";"2016-06-22";"201.87"
"03426X0226/PZ3";"2016-06-23";"201.89"
"03426X0226/PZ3";"2016-06-24";"201.89"
"03426X0226/PZ3";"2016-06-25";"201.91"
"03426X0226/PZ3";"2016-06-26";"201.93"
"03426X0226/PZ3";"2016-06-27";"201.94"
"03426X0226/PZ3";"2016-06-28";"201.97"
"03426X0226/PZ3";"2016-06-29";"201.98"
"03426X0226/PZ3";"2016-06-30";"201.98"
"03426X0226/PZ3";"2016-07-01";"201.99"
"03426X0226/PZ3";"2016-07-02";"202.0"
"03426X0226/PZ3";"2016-07-03";"202.0"
"03426X0226/PZ3";"2016-07-04";"202.01"
"03426X0226/PZ3";"2016-07-05";"202.02"
"03426X0226/PZ3";"2016-07-06";"202.02"
"03426X0226/PZ3";"2016-07-07";"202.03"
"03426X0226/PZ3";"2016-07-08";"202.03"
"03426X0226/PZ3";"2016-07-09";"202.03"
"03426X0226/PZ3";"2016-07-10";"202.05"
"03426X0226/PZ3";"2016-07-11";"202.05"
"03426X0226/PZ3";"2016-07-12";"202.05"
"03426X0226/PZ3";"2016-07-13";"202.05"
"03426X0226/PZ3";"2016-07-14";"202.05"
"03426X0226/PZ3";"2016-07-15";"202.05"
"03426X0226/PZ3";"2016-07-16";"202.06"
"03426X0226/PZ3";"2016-07-17";"202.07"
"03426X0226/PZ3";"2016-07-18";"202.08"
"03426X0226/PZ3";"2016-07-19";"202.08"
"03426X0226/PZ3";"2016-07-20";"202.09"
"03426X0226/PZ3";"2016-07-21";"202.09"
"03426X0226/PZ3";"2016-07-22";"202.09"
"03426X0226/PZ3";"2016-07-23";"202.09"
"03426X0226/PZ3";"2016-07-24";"202.1"
"03426X0226/PZ3";"2016-07-25";"202.1"
"03426X0226/PZ3";"2016-07-26";"202.1"
"03426X0226/PZ3";"2016-07-27";"202.11"
"03426X0226/PZ3";"2016-07-28";"202.12"
"03426X0226/PZ3";"2016-07-29";"202.12"
"03426X0226/PZ3";"2016-07-30";"202.13"
"03426X0226/PZ3";"2016-07-31";"202.12"
"03426X0226/PZ3";"2016-08-01";"202.13"
"03426X0226/PZ3";"2016-08-02";"202.13"
"03426X0226/PZ3";"2016-08-03";"202.14"
"03426X0226/PZ3";"2016-08-04";"202.15"
"03426X0226/PZ3";"2016-08-05";"202.14"
"03426X0226/PZ3";"2016-08-06";"202.14"
"03426X0226/PZ3";"2016-08-07";"202.16"
"03426X0226/PZ3";"2016-08-08";"202.17"
"03426X0226/PZ3";"2016-08-09";"202.17"
"03426X0226/PZ3";"2016-08-10";"202.17"
"03426X0226/PZ3";"2016-08-11";"202.16"
"03426X0226/PZ3";"2016-08-12";"202.16"
"03426X0226/PZ3";"2016-08-13";"202.17"
"03426X0226/PZ3";"2016-08-14";"202.17"
"03426X0226/PZ3";"2016-08-15";"202.17"
"03426X0226/PZ3";"2016-08-16";"202.17"
"03426X0226/PZ3";"2016-08-17";"202.18"
"03426X0226/PZ3";"2016-08-18";"202.17"
"03426X0226/PZ3";"2016-08-19";"202.17"
"03426X0226/PZ3";"2016-08-20";"202.16"
"03426X0226/PZ3";"2016-08-21";"202.14"
"03426X0226/PZ3";"2016-08-22";"202.12"
"03426X0226/PZ3";"2016-08-23";"202.13"
"03426X0226/PZ3";"2016-08-24";"202.14"
"03426X0226/PZ3";"2016-08-25";"202.14"
"03426X0226/PZ3";"2016-08-26";"202.13"
"03426X0226/PZ3";"2016-08-27";"202.12"
"03426X0226/PZ3";"2016-08-28";"202.12"
"03426X0226/PZ3";"2016-08-29";"202.1"
"03426X0226/PZ3";"2016-08-30";"202.1"
"03426X0226/PZ3";"2016-08-31";"202.1"
"03426X0226/PZ3";"2016-09-01";"202.09"
"03426X0226/PZ3";"2016-09-02";"202.09"
"03426X0226/PZ3";"2016-09-03";"202.09"
"03426X0226/PZ3";"2016-09-04";"202.08"
"03426X0226/PZ3";"2016-09-05";"202.07"
"03426X0226/PZ3";"2016-09-06";"202.06"
"03426X0226/PZ3";"2016-09-07";"202.07"
"03426X0226/PZ3";"2016-09-08";"202.06"
"03426X0226/PZ3";"2016-09-09";"202.05"
"03426X0226/PZ3";"2016-09-10";"202.05"
"03426X0226/PZ3";"2016-09-11";"202.03"
"03426X0226/PZ3";"2016-09-12";"202.03"
"03426X0226/PZ3";"2016-09-13";"202.03"
"03426X0226/PZ3";"2016-09-14";"202.02"
"03426X0226/PZ3";"2016-09-15";"202.02"
"03426X0226/PZ3";"2016-09-16";"202.0"
"03426X0226/PZ3";"2016-09-17";"202.0"
"03426X0226/PZ3";"2016-09-18";"202.0"
"03426X0226/PZ3";"2016-09-19";"201.99"
"03426X0226/PZ3";"2016-09-20";"201.99"
"03426X0226/PZ3";"2016-09-21";"201.98"
"03426X0226/PZ3";"2016-09-22";"201.97"
"03426X0226/PZ3";"2016-09-23";"201.96"
"03426X0226/PZ3";"2016-09-24";"201.96"
"03426X0226/PZ3";"2016-09-25";"201.96"
"03426X0226/PZ3";"2016-09-26";"201.94"
"03426X0226/PZ3";"2016-09-27";"201.93"
"03426X0226/PZ3";"2016-09-28";"201.92"
"03426X0226/PZ3";"2016-09-29";"201.93"
"03426X0226/PZ3";"2016-09-30";"201.93"
"03426X0226/PZ3";"2016-10-01";"201.93"
"03426X0226/PZ3";"2016-10-02";"201.91"
"03426X0226/PZ3";"2016-10-03";"201.88"
"03426X0226/PZ3";"2016-10-04";"201.87"
"03426X0226/PZ3";"2016-10-05";"201.87"
"03426X0226/PZ3";"2016-10-06";"201.88"
"03426X0226/PZ3";"2016-10-07";"201.86"
"03426X0226/PZ3";"2016-10-08";"201.85"
"03426X0226/PZ3";"2016-10-09";"201.83"
"03426X0226/PZ3";"2016-10-10";"201.82"
"03426X0226/PZ3";"2016-10-11";"201.82"
"03426X0226/PZ3";"2016-10-12";"201.81"
"03426X0226/PZ3";"2016-10-13";"201.81"
"03426X0226/PZ3";"2016-10-14";"201.8"
"03426X0226/PZ3";"2016-10-15";"201.79"
"03426X0226/PZ3";"2016-10-16";"201.76"
"03426X0226/PZ3";"2016-10-17";"201.75"
"03426X0226/PZ3";"2016-10-18";"201.75"
"03426X0226/PZ3";"2016-10-19";"201.75"
"03426X0226/PZ3";"2016-10-20";"201.74"
"03426X0226/PZ3";"2016-10-21";"201.73"
"03426X0226/PZ3";"2016-10-22";"201.72"
"03426X0226/PZ3";"2016-10-23";"201.72"
"03426X0226/PZ3";"2016-10-24";"201.71"
"03426X0226/PZ3";"2016-10-25";"201.69"
"03426X0226/PZ3";"2016-10-26";"201.68"
"03426X0226/PZ3";"2016-10-27";"201.66"
"03426X0226/PZ3";"2016-10-28";"201.65"
"03426X0226/PZ3";"2016-10-29";"201.65"
"03426X0226/PZ3";"2016-10-30";"201.65"
"03426X0226/PZ3";"2016-10-31";"201.64"
"03426X0226/PZ3";"2016-11-01";"201.64"
"03426X0226/PZ3";"2016-11-02";"201.63"
"03426X0226/PZ3";"2016-11-03";"201.61"
"03426X0226/PZ3";"2016-11-04";"201.62"
"03426X0226/PZ3";"2016-11-05";"201.63"
"03426X0226/PZ3";"2016-11-06";"201.61"
"03426X0226/PZ3";"2016-11-07";"201.59"
"03426X0226/PZ3";"2016-11-08";"201.57"
"03426X0226/PZ3";"2016-11-09";"201.57"
"03426X0226/PZ3";"2016-11-10";"201.56"
"03426X0226/PZ3";"2016-11-11";"201.56"
"03426X0226/PZ3";"2016-11-12";"201.53"
"03426X0226/PZ3";"2016-11-13";"201.52"
"03426X0226/PZ3";"2016-11-14";"201.51"
"03426X0226/PZ3";"2016-11-15";"201.5"
"03426X0226/PZ3";"2016-11-16";"201.51"
"03426X0226/PZ3";"2016-11-17";"201.53"
"03426X0226/PZ3";"2016-11-18";"201.53"
"03426X0226/PZ3";"2016-11-19";"201.51"
"03426X0226/PZ3";"2016-11-20";"201.51"
"03426X0226/PZ3";"2016-11-21";"201.5"
"03426X0226/PZ3";"2016-11-22";"201.48"
"03426X0226/PZ3";"2016-11-23";"201.47"
"03426X0226/PZ3";"2016-11-24";"201.46"
"03426X0226/PZ3";"2016-11-25";"201.46"
"03426X0226/PZ3";"2016-11-26";"201.44"
"03426X0226/PZ3";"2016-11-27";"201.43"
"03426X0226/PZ3";"2016-11-28";"201.42"
"03426X0226/PZ3";"2016-11-29";"201.4"
"03426X0226/PZ3";"2016-11-30";"201.38"
"03426X0226/PZ3";"2016-12-01";"201.38"
"03426X0226/PZ3";"2016-12-02";"201.38"
"03426X0226/PZ3";"2016-12-03";"201.38"
"03426X0226/PZ3";"2016-12-04";"201.36"
"03426X0226/PZ3";"2016-12-05";"201.35"
"03426X0226/PZ3";"2016-12-06";"201.33"
"03426X0226/PZ3";"2016-12-07";"201.32"
"03426X0226/PZ3";"2016-12-08";"201.31"
"03426X0226/PZ3";"2016-12-09";"201.3"
"03426X0226/PZ3";"2016-12-10";"201.3"
"03426X0226/PZ3";"2016-12-11";"201.3"
"03426X0226/PZ3";"2016-12-12";"201.29"
"03426X0226/PZ3";"2016-12-13";"201.28"
"03426X0226/PZ3";"2016-12-14";"201.27"
"03426X0226/PZ3";"2016-12-15";"201.26"
"03426X0226/PZ3";"2016-12-16";"201.25"
"03426X0226/PZ3";"2016-12-17";"201.22"
"03426X0226/PZ3";"2016-12-18";"201.22"
"03426X0226/PZ3";"2016-12-19";"201.23"
"03426X0226/PZ3";"2016-12-20";"201.22"
"03426X0226/PZ3";"2016-12-21";"201.2"
"03426X0226/PZ3";"2016-12-22";"201.18"
"03426X0226/PZ3";"2016-12-23";"201.17"
"03426X0226/PZ3";"2016-12-24";"201.17"
"03426X0226/PZ3";"2016-12-25";"201.17"
"03426X0226/PZ3";"2016-12-26";"201.16"
"03426X0226/PZ3";"2016-12-27";"201.14"
"03426X0226/PZ3";"2016-12-28";"201.13"
"03426X0226/PZ3";"2016-12-29";"201.12"
"03426X0226/PZ3";"2016-12-30";"201.11"
"03426X0226/PZ3";"2016-12-31";"201.1"
"03426X0226/PZ3";"2017-01-01";"201.11"
"03426X0226/PZ3";"2017-01-02";"201.1"
"03426X0226/PZ3";"2017-01-03";"201.07"
"03426X0226/PZ3";"2017-01-04";"201.08"
"03426X0226/PZ3";"2017-01-05";"201.06"
"03426X0226/PZ3";"2017-01-06";"201.03"
"03426X0226/PZ3";"2017-01-07";"201.03"
"03426X0226/PZ3";"2017-01-08";"201.02"
"03426X0226/PZ3";"2017-01-09";"201.02"
"03426X0226/PZ3";"2017-01-10";"201.03"
"03426X0226/PZ3";"2017-01-11";"201.02"
"03426X0226/PZ3";"2017-01-12";"201.03"
"03426X0226/PZ3";"2017-01-13";"201.03"
"03426X0226/PZ3";"2017-01-14";"200.99"
"03426X0226/PZ3";"2017-01-15";"200.97"
"03426X0226/PZ3";"2017-01-16";"200.96"
"03426X0226/PZ3";"2017-01-17";"200.94"
"03426X0226/PZ3";"2017-01-18";"200.93"
"03426X0226/PZ3";"2017-01-19";"200.92"
"03426X0226/PZ3";"2017-01-20";"200.91"
"03426X0226/PZ3";"2017-01-21";"200.9"
"03426X0226/PZ3";"2017-01-22";"200.89"
"03426X0226/PZ3";"2017-01-23";"200.88"
"03426X0226/PZ3";"2017-01-24";"200.87"
"03426X0226/PZ3";"2017-01-25";"200.86"
"03426X0226/PZ3";"2017-01-26";"200.85"
"03426X0226/PZ3";"2017-01-27";"200.85"
"03426X0226/PZ3";"2017-01-28";"200.84"
"03426X0226/PZ3";"2017-01-29";"200.83"
"03426X0226/PZ3";"2017-01-30";"200.84"
"03426X0226/PZ3";"2017-01-31";"200.83"
"03426X0226/PZ3";"2017-02-01";"200.82"
"03426X0226/PZ3";"2017-02-02";"200.82"
"03426X0226/PZ3";"2017-02-03";"200.81"
"03426X0226/PZ3";"2017-02-04";"200.82"
"03426X0226/PZ3";"2017-02-05";"200.8"
"03426X0226/PZ3";"2017-02-06";"200.79"
"03426X0226/PZ3";"2017-02-07";"200.79"
"03426X0226/PZ3";"2017-02-08";"200.78"
"03426X0226/PZ3";"2017-02-09";"200.77"
"03426X0226/PZ3";"2017-02-10";"200.77"
"03426X0226/PZ3";"2017-02-11";"200.76"
"03426X0226/PZ3";"2017-02-12";"200.75"
"03426X0226/PZ3";"2017-02-13";"200.74"
"03426X0226/PZ3";"2017-02-14";"200.73"
"03426X0226/PZ3";"2017-02-15";"200.72"
"03426X0226/PZ3";"2017-02-16";"200.72"
"03426X0226/PZ3";"2017-02-17";"200.72"
"03426X0226/PZ3";"2017-02-18";"200.71"
"03426X0226/PZ3";"2017-02-19";"200.72"
"03426X0226/PZ3";"2017-02-20";"200.72"
"03426X0226/PZ3";"2017-02-21";"200.72"
"03426X0226/PZ3";"2017-02-22";"200.72"
"03426X0226/PZ3";"2017-02-23";"200.73"
"03426X0226/PZ3";"2017-02-24";"200.71"
"03426X0226/PZ3";"2017-02-25";"200.69"
"03426X0226/PZ3";"2017-02-26";"200.69"
"03426X0226/PZ3";"2017-02-27";"200.7"
"03426X0226/PZ3";"2017-02-28";"200.7"
"03426X0226/PZ3";"2017-03-01";"200.69"
"03426X0226/PZ3";"2017-03-02";"200.69"
"03426X0226/PZ3";"2017-03-03";"200.7"
"03426X0226/PZ3";"2017-03-04";"200.71"
"03426X0226/PZ3";"2017-03-05";"200.68"
"03426X0226/PZ3";"2017-03-06";"200.68"
"03426X0226/PZ3";"2017-03-07";"200.66"
"03426X0226/PZ3";"2017-03-08";"200.66"
"03426X0226/PZ3";"2017-03-09";"200.65"
"03426X0226/PZ3";"2017-03-10";"200.65"
"03426X0226/PZ3";"2017-03-11";"200.66"
"03426X0226/PZ3";"2017-03-12";"200.66"
"03426X0226/PZ3";"2017-03-13";"200.65"
"03426X0226/PZ3";"2017-03-14";"200.63"
"03426X0226/PZ3";"2017-03-15";"200.63"
"03426X0226/PZ3";"2017-03-16";"200.64"
"03426X0226/PZ3";"2017-03-17";"200.64"
"03426X0226/PZ3";"2017-03-18";"200.64"
"03426X0226/PZ3";"2017-03-19";"200.63"
"03426X0226/PZ3";"2017-03-20";"200.63"
"03426X0226/PZ3";"2017-03-21";"200.62"
"03426X0226/PZ3";"2017-03-22";"200.61"
"03426X0226/PZ3";"2017-03-23";"200.61"
"03426X0226/PZ3";"2017-03-24";"200.6"
"03426X0226/PZ3";"2017-03-25";"200.6"
"03426X0226/PZ3";"2017-03-26";"200.59"
"03426X0226/PZ3";"2017-03-27";"200.59"
"03426X0226/PZ3";"2017-03-28";"200.58"
"03426X0226/PZ3";"2017-03-29";"200.58"
"03426X0226/PZ3";"2017-03-30";"200.58"
"03426X0226/PZ3";"2017-03-31";"200.58"
"03426X0226/PZ3";"2017-04-01";"200.58"
"03426X0226/PZ3";"2017-04-02";"200.57"
"03426X0226/PZ3";"2017-04-03";"200.56"
"03426X0226/PZ3";"2017-04-04";"200.56"
"03426X0226/PZ3";"2017-04-05";"200.55"
"03426X0226/PZ3";"2017-04-06";"200.54"
"03426X0226/PZ3";"2017-04-07";"200.54"
"03426X0226/PZ3";"2017-04-08";"200.53"
"03426X0226/PZ3";"2017-04-09";"200.53"
"03426X0226/PZ3";"2017-04-10";"200.53"
"03426X0226/PZ3";"2017-04-11";"200.52"
"03426X0226/PZ3";"2017-04-12";"200.52"
"03426X0226/PZ3";"2017-04-13";"200.51"
"03426X0226/PZ3";"2017-04-14";"200.5"
"03426X0226/PZ3";"2017-04-15";"200.5"
"03426X0226/PZ3";"2017-04-16";"200.49"
"03426X0226/PZ3";"2017-04-17";"200.48"
"03426X0226/PZ3";"2017-04-18";"200.47"
"03426X0226/PZ3";"2017-04-19";"200.45"
"03426X0226/PZ3";"2017-04-20";"200.44"
"03426X0226/PZ3";"2017-04-21";"200.44"
"03426X0226/PZ3";"2017-04-22";"200.43"
"03426X0226/PZ3";"2017-04-23";"200.43"
"03426X0226/PZ3";"2017-04-24";"200.43"
"03426X0226/PZ3";"2017-04-25";"200.43"
"03426X0226/PZ3";"2017-04-26";"200.42"
"03426X0226/PZ3";"2017-04-27";"200.41"
"03426X0226/PZ3";"2017-04-28";"200.4"
"03426X0226/PZ3";"2017-04-29";"200.4"
"03426X0226/PZ3";"2017-04-30";"200.41"
"03426X0226/PZ3";"2017-05-01";"200.4"
"03426X0226/PZ3";"2017-05-02";"200.38"
"03426X0226/PZ3";"2017-05-03";"200.38"
"03426X0226/PZ3";"2017-05-04";"200.37"
"03426X0226/PZ3";"2017-05-05";"200.37"
"03426X0226/PZ3";"2017-05-06";"200.37"
"03426X0226/PZ3";"2017-05-07";"200.36"
"03426X0226/PZ3";"2017-05-08";"200.35"
"03426X0226/PZ3";"2017-05-09";"200.35"
"03426X0226/PZ3";"2017-05-10";"200.35"
"03426X0226/PZ3";"2017-05-11";"200.35"
"03426X0226/PZ3";"2017-05-12";"200.35"
"03426X0226/PZ3";"2017-05-13";"200.33"
"03426X0226/PZ3";"2017-05-14";"200.32"
"03426X0226/PZ3";"2017-05-15";"200.32"
"03426X0226/PZ3";"2017-05-16";"200.32"
"03426X0226/PZ3";"2017-05-17";"200.33"
"03426X0226/PZ3";"2017-05-18";"200.33"
"03426X0226/PZ3";"2017-05-19";"200.32"
"03426X0226/PZ3";"2017-05-20";"200.31"
"03426X0226/PZ3";"2017-05-21";"200.32"
"03426X0226/PZ3";"2017-05-22";"200.33"
"03426X0226/PZ3";"2017-05-23";"200.32"
"03426X0226/PZ3";"2017-05-24";"200.31"
"03426X0226/PZ3";"2017-05-25";"200.31"
"03426X0226/PZ3";"2017-05-26";"200.3"
"03426X0226/PZ3";"2017-05-27";"200.3"
"03426X0226/PZ3";"2017-05-28";"200.29"
"03426X0226/PZ3";"2017-05-29";"200.29"
"03426X0226/PZ3";"2017-05-30";"200.29"
"03426X0226/PZ3";"2017-05-31";"200.28"
"03426X0226/PZ3";"2017-06-01";"200.27"
"03426X0226/PZ3";"2017-06-02";"200.27"
"03426X0226/PZ3";"2017-06-03";"200.27"
"03426X0226/PZ3";"2017-06-04";"200.27"
"03426X0226/PZ3";"2017-06-05";"200.27"
"03426X0226/PZ3";"2017-06-06";"200.28"
"03426X0226/PZ3";"2017-06-07";"200.27"
"03426X0226/PZ3";"2017-06-08";"200.26"
"03426X0226/PZ3";"2017-06-09";"200.26"
"03426X0226/PZ3";"2017-06-10";"200.25"
"03426X0226/PZ3";"2017-06-11";"200.25"
"03426X0226/PZ3";"2017-06-12";"200.24"
"03426X0226/PZ3";"2017-06-13";"200.24"
"03426X0226/PZ3";"2017-06-14";"200.24"
"03426X0226/PZ3";"2017-06-15";"200.24"
"03426X0226/PZ3";"2017-06-16";"200.23"
"03426X0226/PZ3";"2017-06-17";"200.22"
"03426X0226/PZ3";"2017-06-18";"200.22"
"03426X0226/PZ3";"2017-06-19";"200.22"
"03426X0226/PZ3";"2017-06-20";"200.21"
"03426X0226/PZ3";"2017-06-21";"200.21"
"03426X0226/PZ3";"2017-06-22";"200.2"
"03426X0226/PZ3";"2017-06-23";"200.19"
"03426X0226/PZ3";"2017-06-24";"200.18"
"03426X0226/PZ3";"2017-06-25";"200.17"
"03426X0226/PZ3";"2017-06-26";"200.17"
"03426X0226/PZ3";"2017-06-27";"200.17"
"03426X0226/PZ3";"2017-06-28";"200.17"
"03426X0226/PZ3";"2017-06-29";"200.17"
"03426X0226/PZ3";"2017-06-30";"200.16"
"03426X0226/PZ3";"2017-07-01";"200.15"
"03426X0226/PZ3";"2017-07-02";"200.14"
"03426X0226/PZ3";"2017-07-03";"200.14"
"03426X0226/PZ3";"2017-07-04";"200.13"
"03426X0226/PZ3";"2017-07-05";"200.13"
"03426X0226/PZ3";"2017-07-06";"200.12"
"03426X0226/PZ3";"2017-07-07";"200.11"
"03426X0226/PZ3";"2017-07-08";"200.11"
"03426X0226/PZ3";"2017-07-09";"200.11"
"03426X0226/PZ3";"2017-07-10";"200.11"
"03426X0226/PZ3";"2017-07-11";"200.1"
"03426X0226/PZ3";"2017-07-12";"200.11"
"03426X0226/PZ3";"2017-07-13";"200.1"
"03426X0226/PZ3";"2017-07-14";"200.1"
"03426X0226/PZ3";"2017-07-15";"200.1"
"03426X0226/PZ3";"2017-07-16";"200.1"
"03426X0226/PZ3";"2017-07-17";"200.09"
"03426X0226/PZ3";"2017-07-18";"200.09"
"03426X0226/PZ3";"2017-07-19";"200.09"
"03426X0226/PZ3";"2017-07-20";"200.08"
"03426X0226/PZ3";"2017-07-21";"200.08"
"03426X0226/PZ3";"2017-07-22";"200.08"
"03426X0226/PZ3";"2017-07-23";"200.07"
"03426X0226/PZ3";"2017-07-24";"200.08"
"03426X0226/PZ3";"2017-07-25";"200.07"
"03426X0226/PZ3";"2017-07-26";"200.07"
"03426X0226/PZ3";"2017-07-27";"200.06"
"03426X0226/PZ3";"2017-07-28";"200.06"
"03426X0226/PZ3";"2017-07-29";"200.05"
"03426X0226/PZ3";"2017-07-30";"200.05"
"03426X0226/PZ3";"2017-07-31";"200.04"
"03426X0226/PZ3";"2017-08-01";"200.04"
"03426X0226/PZ3";"2017-08-02";"200.03"
"03426X0226/PZ3";"2017-08-03";"200.03"
"03426X0226/PZ3";"2017-08-04";"200.02"
"03426X0226/PZ3";"2017-08-05";"200.02"
"03426X0226/PZ3";"2017-08-06";"200.02"
"03426X0226/PZ3";"2017-08-07";"200.02"
"03426X0226/PZ3";"2017-08-08";"200.02"
"03426X0226/PZ3";"2017-08-09";"200.01"
"03426X0226/PZ3";"2017-08-10";"200.0"
"03426X0226/PZ3";"2017-08-11";"200.01"
"03426X0226/PZ3";"2017-08-12";"200.01"
"03426X0226/PZ3";"2017-08-13";"200.01"
"03426X0226/PZ3";"2017-08-14";"200.01"
"03426X0226/PZ3";"2017-08-15";"200.0"
"03426X0226/PZ3";"2017-08-16";"200.0"
"03426X0226/PZ3";"2017-08-17";"199.99"
"03426X0226/PZ3";"2017-08-18";"199.99"
"03426X0226/PZ3";"2017-08-19";"199.98"
