"code_bss";"date_mesure";"niveau_nappe_eau"
"1141ZZ0009/P";"1984-08-07";"8.6"
"1141ZZ0009/P";"1984-09-14";"8.61"
"1141ZZ0009/P";"1984-10-16";"8.6"
"1141ZZ0009/P";"1984-12-06";"8.87"
"1141ZZ0009/P";"1985-01-17";"8.9"
"1141ZZ0009/P";"1985-02-22";"8.91"
"1141ZZ0009/P";"1985-03-21";"8.91"
"1141ZZ0009/P";"1985-04-29";"8.86"
"1141ZZ0009/P";"1985-07-11";"8.69"
"1141ZZ0009/P";"1985-08-12";"8.63"
"1141ZZ0009/P";"1985-09-26";"8.64"
"1141ZZ0009/P";"1985-10-10";"8.98"
"1141ZZ0009/P";"1985-11-26";"9.08"
"1141ZZ0009/P";"1985-12-19";"9.13"
"1141ZZ0009/P";"1986-01-17";"9.06"
"1141ZZ0009/P";"1986-02-17";"9.33"
"1141ZZ0009/P";"1986-04-14";"9.22"
"1141ZZ0009/P";"1986-07-24";"9.04"
"1141ZZ0009/P";"1986-09-15";"8.93"
"1141ZZ0009/P";"1986-10-14";"8.95"
"1141ZZ0009/P";"1986-11-10";"8.92"
"1141ZZ0009/P";"1986-11-17";"9.02"
"1141ZZ0009/P";"1986-12-29";"9.02"
"1141ZZ0009/P";"1987-01-29";"9.01"
"1141ZZ0009/P";"1987-02-26";"8.97"
"1141ZZ0009/P";"1987-03-23";"8.92"
"1141ZZ0009/P";"1987-04-28";"8.86"
"1141ZZ0009/P";"1987-08-24";"8.91"
"1141ZZ0009/P";"1987-09-29";"8.89"
"1141ZZ0009/P";"1987-10-20";"9.23"
"1141ZZ0009/P";"1987-11-19";"8.91"
"1141ZZ0009/P";"1987-12-29";"9.09"
"1141ZZ0009/P";"1988-01-21";"9.16"
"1141ZZ0009/P";"1988-02-22";"9.17"
"1141ZZ0009/P";"1988-03-24";"9.18"
"1141ZZ0009/P";"1988-04-19";"9.15"
"1141ZZ0009/P";"1988-05-19";"9.08"
"1141ZZ0009/P";"1988-07-18";"8.97"
"1141ZZ0009/P";"1988-08-18";"9.5"
"1141ZZ0009/P";"1988-09-29";"9.52"
"1141ZZ0009/P";"1988-10-21";"10.17"
"1141ZZ0009/P";"1988-11-21";"9.62"
"1141ZZ0009/P";"1988-12-20";"9.84"
"1141ZZ0009/P";"1989-02-17";"10.05"
"1141ZZ0009/P";"1989-03-16";"10.13"
"1141ZZ0009/P";"1989-04-24";"10.19"
"1141ZZ0009/P";"1989-06-22";"10.1"
"1141ZZ0009/P";"1989-07-06";"10.05"
"1141ZZ0009/P";"1989-08-24";"10.0"
"1141ZZ0009/P";"1989-09-29";"10.23"
"1141ZZ0009/P";"1989-10-17";"10.11"
"1141ZZ0009/P";"1989-11-16";"10.16"
"1141ZZ0009/P";"1989-12-19";"10.19"
"1141ZZ0009/P";"1990-01-25";"10.15"
"1141ZZ0009/P";"1990-02-21";"9.99"
"1141ZZ0009/P";"1990-03-26";"9.97"
"1141ZZ0009/P";"1990-04-26";"9.88"
"1141ZZ0009/P";"1990-06-21";"9.77"
"1141ZZ0009/P";"1990-07-30";"9.66"
"1141ZZ0009/P";"1990-10-22";"10.85"
"1141ZZ0009/P";"1990-11-22";"9.77"
"1141ZZ0009/P";"1990-12-18";"9.74"
"1141ZZ0009/P";"1991-01-21";"9.65"
"1141ZZ0009/P";"1991-02-21";"9.6"
"1141ZZ0009/P";"1991-03-20";"9.54"
"1141ZZ0009/P";"1991-04-22";"9.5"
"1141ZZ0009/P";"1991-05-23";"9.4"
"1141ZZ0009/P";"1991-06-20";"9.38"
"1141ZZ0009/P";"1991-09-05";"9.14"
"1141ZZ0009/P";"1991-09-26";"9.1"
"1141ZZ0009/P";"1991-10-21";"9.03"
"1141ZZ0009/P";"1991-11-21";"9.03"
"1141ZZ0009/P";"1991-12-19";"9.01"
"1141ZZ0009/P";"1992-01-14";"8.97"
"1141ZZ0009/P";"1992-02-20";"9.02"
"1141ZZ0009/P";"1992-03-19";"8.87"
"1141ZZ0009/P";"1992-04-23";"8.82"
"1141ZZ0009/P";"1992-05-25";"8.8"
"1141ZZ0009/P";"1992-06-22";"8.79"
"1141ZZ0009/P";"1992-07-23";"8.76"
"1141ZZ0009/P";"1992-09-10";"8.67"
"1141ZZ0009/P";"1992-10-29";"8.62"
"1141ZZ0009/P";"1992-11-23";"9.46"
"1141ZZ0009/P";"1992-12-22";"8.73"
"1141ZZ0009/P";"1993-01-21";"8.73"
"1141ZZ0009/P";"1993-02-25";"8.74"
"1141ZZ0009/P";"1993-03-22";"8.71"
"1141ZZ0009/P";"1993-04-22";"8.67"
"1141ZZ0009/P";"1993-05-24";"8.7"
"1141ZZ0009/P";"1993-06-21";"8.59"
"1141ZZ0009/P";"1993-07-26";"8.75"
"1141ZZ0009/P";"1993-09-26";"8.62"
"1141ZZ0009/P";"1993-10-21";"8.74"
"1141ZZ0009/P";"1993-11-25";"8.76"
"1141ZZ0009/P";"1993-12-23";"8.65"
"1141ZZ0009/P";"1994-01-25";"8.72"
"1141ZZ0009/P";"1994-02-23";"8.7"
"1141ZZ0009/P";"1994-03-21";"8.67"
"1141ZZ0009/P";"1994-04-22";"8.64"
"1141ZZ0009/P";"1994-05-24";"8.57"
"1141ZZ0009/P";"1994-06-23";"8.57"
"1141ZZ0009/P";"1994-08-18";"8.5"
"1141ZZ0009/P";"1994-09-22";"8.62"
"1141ZZ0009/P";"1994-10-20";"8.77"
"1141ZZ0009/P";"1994-11-24";"8.54"
"1141ZZ0009/P";"1994-12-22";"8.57"
"1141ZZ0009/P";"1995-01-24";"8.7"
"1141ZZ0009/P";"1995-02-23";"8.56"
"1141ZZ0009/P";"1995-03-23";"8.56"
"1141ZZ0009/P";"1995-04-20";"8.56"
"1141ZZ0009/P";"1995-05-23";"8.53"
"1141ZZ0009/P";"1995-06-22";"8.5"
"1141ZZ0009/P";"1995-08-17";"8.24"
"1141ZZ0009/P";"1995-09-25";"8.81"
"1141ZZ0009/P";"1995-10-23";"8.74"
"1141ZZ0009/P";"1995-11-23";"10.11"
"1141ZZ0009/P";"1995-12-18";"9.32"
"1141ZZ0009/P";"1996-01-26";"9.07"
"1141ZZ0009/P";"1996-03-04";"9.05"
"1141ZZ0009/P";"1996-03-28";"9.05"
"1141ZZ0009/P";"1996-04-29";"8.97"
"1141ZZ0009/P";"1996-05-30";"8.97"
"1141ZZ0009/P";"1996-06-27";"8.95"
"1141ZZ0009/P";"1996-07-29";"8.85"
"1141ZZ0009/P";"1996-08-26";"8.8"
"1141ZZ0009/P";"1996-09-27";"8.74"
"1141ZZ0009/P";"1996-10-29";"8.71"
"1141ZZ0009/P";"1996-11-21";"8.58"
"1141ZZ0009/P";"1996-12-19";"9.55"
"1141ZZ0009/P";"1997-01-23";"8.96"
"1141ZZ0009/P";"1997-02-20";"9.03"
"1141ZZ0009/P";"1997-03-21";"9.04"
"1141ZZ0009/P";"1997-04-23";"9.01"
"1141ZZ0009/P";"1997-05-22";"8.97"
"1141ZZ0009/P";"1997-06-25";"8.93"
"1141ZZ0009/P";"1997-07-28";"8.81"
"1141ZZ0009/P";"1997-09-01";"8.78"
"1141ZZ0009/P";"1997-09-25";"8.72"
"1141ZZ0009/P";"1997-10-23";"8.74"
"1141ZZ0009/P";"1997-11-24";"8.71"
"1141ZZ0009/P";"1997-12-22";"8.66"
"1141ZZ0009/P";"1998-01-22";"8.65"
"1141ZZ0009/P";"1998-02-19";"8.61"
"1141ZZ0009/P";"1998-03-23";"8.51"
"1141ZZ0009/P";"1998-04-22";"8.49"
"1141ZZ0009/P";"1998-05-25";"8.47"
"1141ZZ0009/P";"1998-06-21";"8.41"
"1141ZZ0009/P";"1998-07-27";"8.36"
"1141ZZ0009/P";"1998-08-28";"8.32"
"1141ZZ0009/P";"1998-09-29";"8.28"
"1141ZZ0009/P";"1998-10-22";"9.03"
"1141ZZ0009/P";"1998-11-22";"8.62"
"1141ZZ0009/P";"1998-12-22";"8.92"
"1141ZZ0009/P";"1999-01-21";"9.09"
"1141ZZ0009/P";"1999-02-22";"9.04"
"1141ZZ0009/P";"1999-03-23";"9.01"
"1141ZZ0009/P";"1999-04-20";"8.99"
"1141ZZ0009/P";"1999-05-25";"8.95"
"1141ZZ0009/P";"1999-06-21";"8.92"
"1141ZZ0009/P";"1999-07-22";"8.87"
"1141ZZ0009/P";"1999-08-23";"8.82"
"1141ZZ0009/P";"1999-09-28";"8.96"
"1141ZZ0009/P";"1999-10-21";"9.02"
"1141ZZ0009/P";"1999-11-22";"9.5"
"1141ZZ0009/P";"1999-12-20";"9.19"
"1141ZZ0009/P";"2000-01-20";"9.22"
"1141ZZ0009/P";"2000-02-24";"9.23"
"1141ZZ0009/P";"2000-03-20";"9.18"
"1141ZZ0009/P";"2000-04-18";"9.15"
"1141ZZ0009/P";"2000-05-30";"9.09"
"1141ZZ0009/P";"2000-07-06";"9.01"
"1141ZZ0009/P";"2000-08-29";"8.96"
"1141ZZ0009/P";"2000-10-16";"8.79"
"1141ZZ0009/P";"2000-11-14";"8.75"
"1141ZZ0009/P";"2000-12-11";"8.75"
"1141ZZ0009/P";"2001-01-08";"8.72"
"1141ZZ0009/P";"2001-02-19";"8.67"
"1141ZZ0009/P";"2001-03-08";"8.62"
"1141ZZ0009/P";"2001-04-26";"8.52"
"1141ZZ0009/P";"2001-05-21";"8.47"
"1141ZZ0009/P";"2001-06-25";"8.39"
"1141ZZ0009/P";"2001-07-26";"8.37"
"1141ZZ0009/P";"2001-08-27";"8.32"
"1141ZZ0009/P";"2001-09-21";"8.29"
"1141ZZ0009/P";"2001-10-22";"8.3"
"1141ZZ0009/P";"2002-01-10";"8.58"
"1141ZZ0009/P";"2002-02-04";"8.59"
"1141ZZ0009/P";"2002-03-19";"8.57"
"1141ZZ0009/P";"2002-05-29";"8.61"
"1141ZZ0009/P";"2002-07-25";"8.61"
"1141ZZ0009/P";"2002-09-30";"8.55"
"1141ZZ0009/P";"2002-11-12";"8.57"
"1141ZZ0009/P";"2002-12-13";"8.59"
"1141ZZ0009/P";"2003-01-02";"8.58"
"1141ZZ0009/P";"2003-01-03";"8.57"
"1141ZZ0009/P";"2003-01-04";"8.57"
"1141ZZ0009/P";"2003-01-05";"8.57"
"1141ZZ0009/P";"2003-01-06";"8.57"
"1141ZZ0009/P";"2003-01-07";"8.57"
"1141ZZ0009/P";"2003-01-08";"8.57"
"1141ZZ0009/P";"2003-01-09";"8.56"
"1141ZZ0009/P";"2003-01-10";"8.56"
"1141ZZ0009/P";"2003-01-11";"8.56"
"1141ZZ0009/P";"2003-01-12";"8.56"
"1141ZZ0009/P";"2003-01-13";"8.56"
"1141ZZ0009/P";"2003-01-14";"8.56"
"1141ZZ0009/P";"2003-01-15";"8.56"
"1141ZZ0009/P";"2003-01-16";"8.55"
"1141ZZ0009/P";"2003-01-17";"8.55"
"1141ZZ0009/P";"2003-01-18";"8.55"
"1141ZZ0009/P";"2003-01-19";"8.55"
"1141ZZ0009/P";"2003-01-20";"8.55"
"1141ZZ0009/P";"2003-01-21";"8.54"
"1141ZZ0009/P";"2003-01-22";"8.54"
"1141ZZ0009/P";"2003-01-23";"8.54"
"1141ZZ0009/P";"2003-01-24";"8.54"
"1141ZZ0009/P";"2003-01-25";"8.54"
"1141ZZ0009/P";"2003-01-26";"8.54"
"1141ZZ0009/P";"2003-01-27";"8.54"
"1141ZZ0009/P";"2003-01-28";"8.53"
"1141ZZ0009/P";"2003-01-29";"8.53"
"1141ZZ0009/P";"2003-01-30";"8.53"
"1141ZZ0009/P";"2003-01-31";"8.53"
"1141ZZ0009/P";"2003-02-01";"8.53"
"1141ZZ0009/P";"2003-02-02";"8.52"
"1141ZZ0009/P";"2003-02-03";"8.52"
"1141ZZ0009/P";"2003-02-04";"8.52"
"1141ZZ0009/P";"2003-02-05";"8.54"
"1141ZZ0009/P";"2003-02-06";"8.53"
"1141ZZ0009/P";"2003-02-07";"8.53"
"1141ZZ0009/P";"2003-02-08";"8.52"
"1141ZZ0009/P";"2003-02-09";"8.52"
"1141ZZ0009/P";"2003-02-10";"8.51"
"1141ZZ0009/P";"2003-02-11";"8.51"
"1141ZZ0009/P";"2003-02-12";"8.51"
"1141ZZ0009/P";"2003-02-13";"8.51"
"1141ZZ0009/P";"2003-02-14";"8.5"
"1141ZZ0009/P";"2003-02-15";"8.5"
"1141ZZ0009/P";"2003-02-16";"8.5"
"1141ZZ0009/P";"2003-02-17";"8.5"
"1141ZZ0009/P";"2003-02-18";"8.5"
"1141ZZ0009/P";"2003-02-19";"8.5"
"1141ZZ0009/P";"2003-02-20";"8.5"
"1141ZZ0009/P";"2003-02-21";"8.49"
"1141ZZ0009/P";"2003-02-22";"8.49"
"1141ZZ0009/P";"2003-02-23";"8.49"
"1141ZZ0009/P";"2003-02-24";"8.49"
"1141ZZ0009/P";"2003-02-25";"8.49"
"1141ZZ0009/P";"2003-02-26";"8.49"
"1141ZZ0009/P";"2003-02-27";"8.48"
"1141ZZ0009/P";"2003-02-28";"8.48"
"1141ZZ0009/P";"2003-03-01";"8.48"
"1141ZZ0009/P";"2003-03-02";"8.48"
"1141ZZ0009/P";"2003-03-03";"8.48"
"1141ZZ0009/P";"2003-03-04";"8.48"
"1141ZZ0009/P";"2003-03-05";"8.47"
"1141ZZ0009/P";"2003-03-06";"8.47"
"1141ZZ0009/P";"2003-03-07";"8.47"
"1141ZZ0009/P";"2003-03-08";"8.47"
"1141ZZ0009/P";"2003-03-09";"8.47"
"1141ZZ0009/P";"2003-03-10";"8.47"
"1141ZZ0009/P";"2003-03-11";"8.47"
"1141ZZ0009/P";"2003-03-12";"8.46"
"1141ZZ0009/P";"2003-03-13";"8.46"
"1141ZZ0009/P";"2003-03-14";"8.46"
"1141ZZ0009/P";"2003-03-15";"8.46"
"1141ZZ0009/P";"2003-03-16";"8.46"
"1141ZZ0009/P";"2003-03-17";"8.46"
"1141ZZ0009/P";"2003-03-18";"8.45"
"1141ZZ0009/P";"2003-03-19";"8.45"
"1141ZZ0009/P";"2003-03-20";"8.45"
"1141ZZ0009/P";"2003-03-21";"8.45"
"1141ZZ0009/P";"2003-03-22";"8.45"
"1141ZZ0009/P";"2003-03-23";"8.44"
"1141ZZ0009/P";"2003-03-24";"8.44"
"1141ZZ0009/P";"2003-03-25";"8.44"
"1141ZZ0009/P";"2003-03-26";"8.44"
"1141ZZ0009/P";"2003-03-27";"8.44"
"1141ZZ0009/P";"2003-03-28";"8.44"
"1141ZZ0009/P";"2003-03-29";"8.44"
"1141ZZ0009/P";"2003-03-30";"8.43"
"1141ZZ0009/P";"2003-03-31";"8.43"
"1141ZZ0009/P";"2003-04-01";"8.43"
"1141ZZ0009/P";"2003-04-02";"8.43"
"1141ZZ0009/P";"2003-04-03";"8.43"
"1141ZZ0009/P";"2003-04-04";"8.43"
"1141ZZ0009/P";"2003-04-05";"8.43"
"1141ZZ0009/P";"2003-04-06";"8.42"
"1141ZZ0009/P";"2003-04-07";"8.42"
"1141ZZ0009/P";"2003-04-08";"8.42"
"1141ZZ0009/P";"2003-04-09";"8.42"
"1141ZZ0009/P";"2003-04-10";"8.42"
"1141ZZ0009/P";"2003-04-11";"8.42"
"1141ZZ0009/P";"2003-04-12";"8.41"
"1141ZZ0009/P";"2003-04-13";"8.41"
"1141ZZ0009/P";"2003-04-14";"8.41"
"1141ZZ0009/P";"2003-04-15";"8.41"
"1141ZZ0009/P";"2003-04-16";"8.41"
"1141ZZ0009/P";"2003-04-17";"8.4"
"1141ZZ0009/P";"2003-04-18";"8.4"
"1141ZZ0009/P";"2003-04-19";"8.4"
"1141ZZ0009/P";"2003-04-20";"8.4"
"1141ZZ0009/P";"2003-04-21";"8.4"
"1141ZZ0009/P";"2003-04-22";"8.4"
"1141ZZ0009/P";"2003-04-23";"8.39"
"1141ZZ0009/P";"2003-04-24";"8.39"
"1141ZZ0009/P";"2003-04-25";"8.39"
"1141ZZ0009/P";"2003-04-26";"8.39"
"1141ZZ0009/P";"2003-04-27";"8.38"
"1141ZZ0009/P";"2003-04-28";"8.38"
"1141ZZ0009/P";"2003-04-29";"8.38"
"1141ZZ0009/P";"2003-04-30";"8.38"
"1141ZZ0009/P";"2003-05-01";"8.38"
"1141ZZ0009/P";"2003-05-02";"8.37"
"1141ZZ0009/P";"2003-05-03";"8.37"
"1141ZZ0009/P";"2003-05-04";"8.37"
"1141ZZ0009/P";"2003-05-05";"8.37"
"1141ZZ0009/P";"2003-05-06";"8.37"
"1141ZZ0009/P";"2003-05-07";"8.36"
"1141ZZ0009/P";"2003-05-08";"8.36"
"1141ZZ0009/P";"2003-05-09";"8.36"
"1141ZZ0009/P";"2003-05-10";"8.36"
"1141ZZ0009/P";"2003-05-11";"8.36"
"1141ZZ0009/P";"2003-05-12";"8.35"
"1141ZZ0009/P";"2003-05-13";"8.35"
"1141ZZ0009/P";"2003-05-14";"8.35"
"1141ZZ0009/P";"2003-05-15";"8.35"
"1141ZZ0009/P";"2003-05-16";"8.35"
"1141ZZ0009/P";"2003-05-17";"8.35"
"1141ZZ0009/P";"2003-05-18";"8.34"
"1141ZZ0009/P";"2003-05-19";"8.34"
"1141ZZ0009/P";"2003-05-20";"8.34"
"1141ZZ0009/P";"2003-05-21";"8.34"
"1141ZZ0009/P";"2003-05-22";"8.33"
"1141ZZ0009/P";"2003-05-23";"8.33"
"1141ZZ0009/P";"2003-05-24";"8.33"
"1141ZZ0009/P";"2003-05-25";"8.33"
"1141ZZ0009/P";"2003-05-26";"8.33"
"1141ZZ0009/P";"2003-05-27";"8.32"
"1141ZZ0009/P";"2003-05-28";"8.32"
"1141ZZ0009/P";"2003-05-29";"8.32"
"1141ZZ0009/P";"2003-05-30";"8.32"
"1141ZZ0009/P";"2003-05-31";"8.32"
"1141ZZ0009/P";"2003-06-01";"8.32"
"1141ZZ0009/P";"2003-06-02";"8.31"
"1141ZZ0009/P";"2003-06-03";"8.31"
"1141ZZ0009/P";"2003-06-04";"8.31"
"1141ZZ0009/P";"2003-06-05";"8.31"
"1141ZZ0009/P";"2003-06-06";"8.31"
"1141ZZ0009/P";"2003-06-07";"8.31"
"1141ZZ0009/P";"2003-06-08";"8.31"
"1141ZZ0009/P";"2003-06-09";"8.3"
"1141ZZ0009/P";"2003-06-10";"8.3"
"1141ZZ0009/P";"2003-06-11";"8.3"
"1141ZZ0009/P";"2003-06-12";"8.3"
"1141ZZ0009/P";"2003-06-13";"8.3"
"1141ZZ0009/P";"2003-06-14";"8.3"
"1141ZZ0009/P";"2003-06-15";"8.3"
"1141ZZ0009/P";"2003-06-16";"8.29"
"1141ZZ0009/P";"2003-06-17";"8.29"
"1141ZZ0009/P";"2003-06-18";"8.29"
"1141ZZ0009/P";"2003-06-19";"8.65"
"1141ZZ0009/P";"2003-06-20";"8.54"
"1141ZZ0009/P";"2003-06-21";"8.47"
"1141ZZ0009/P";"2003-06-22";"8.41"
"1141ZZ0009/P";"2003-06-23";"8.37"
"1141ZZ0009/P";"2003-06-24";"8.35"
"1141ZZ0009/P";"2003-06-25";"8.33"
"1141ZZ0009/P";"2003-06-26";"8.31"
"1141ZZ0009/P";"2003-06-27";"8.3"
"1141ZZ0009/P";"2003-06-28";"8.3"
"1141ZZ0009/P";"2003-06-29";"8.29"
"1141ZZ0009/P";"2003-06-30";"8.29"
"1141ZZ0009/P";"2003-07-01";"8.29"
"1141ZZ0009/P";"2003-07-02";"8.29"
"1141ZZ0009/P";"2003-07-03";"8.28"
"1141ZZ0009/P";"2003-07-04";"8.48"
"1141ZZ0009/P";"2003-07-05";"8.42"
"1141ZZ0009/P";"2003-07-06";"8.38"
"1141ZZ0009/P";"2003-07-07";"8.35"
"1141ZZ0009/P";"2003-07-08";"8.33"
"1141ZZ0009/P";"2003-07-09";"8.31"
"1141ZZ0009/P";"2003-07-10";"8.3"
"1141ZZ0009/P";"2003-07-11";"8.29"
"1141ZZ0009/P";"2003-07-12";"8.29"
"1141ZZ0009/P";"2003-07-13";"8.4"
"1141ZZ0009/P";"2003-07-14";"8.36"
"1141ZZ0009/P";"2003-07-15";"8.34"
"1141ZZ0009/P";"2003-07-16";"8.32"
"1141ZZ0009/P";"2003-07-17";"8.3"
"1141ZZ0009/P";"2003-07-18";"8.29"
"1141ZZ0009/P";"2003-07-19";"8.29"
"1141ZZ0009/P";"2003-07-20";"8.28"
"1141ZZ0009/P";"2003-07-21";"8.28"
"1141ZZ0009/P";"2003-07-22";"8.28"
"1141ZZ0009/P";"2003-07-23";"8.28"
"1141ZZ0009/P";"2003-07-24";"8.28"
"1141ZZ0009/P";"2003-07-25";"8.27"
"1141ZZ0009/P";"2003-07-26";"8.27"
"1141ZZ0009/P";"2003-07-27";"8.27"
"1141ZZ0009/P";"2003-07-28";"8.27"
"1141ZZ0009/P";"2003-07-29";"8.27"
"1141ZZ0009/P";"2003-07-30";"8.27"
"1141ZZ0009/P";"2003-07-31";"8.27"
"1141ZZ0009/P";"2003-08-01";"8.27"
"1141ZZ0009/P";"2003-08-02";"8.27"
"1141ZZ0009/P";"2003-08-03";"8.27"
"1141ZZ0009/P";"2003-08-04";"8.27"
"1141ZZ0009/P";"2003-08-05";"8.27"
"1141ZZ0009/P";"2003-08-06";"8.27"
"1141ZZ0009/P";"2003-08-07";"8.41"
"1141ZZ0009/P";"2003-08-08";"8.36"
"1141ZZ0009/P";"2003-08-09";"8.33"
"1141ZZ0009/P";"2003-08-10";"8.31"
"1141ZZ0009/P";"2003-08-11";"8.29"
"1141ZZ0009/P";"2003-08-12";"8.28"
"1141ZZ0009/P";"2003-08-13";"8.28"
"1141ZZ0009/P";"2003-08-14";"8.27"
"1141ZZ0009/P";"2003-08-15";"8.27"
"1141ZZ0009/P";"2003-08-16";"8.27"
"1141ZZ0009/P";"2003-08-17";"8.26"
"1141ZZ0009/P";"2003-08-18";"8.26"
"1141ZZ0009/P";"2003-08-19";"8.26"
"1141ZZ0009/P";"2003-08-20";"8.26"
"1141ZZ0009/P";"2003-08-21";"8.26"
"1141ZZ0009/P";"2003-08-22";"8.26"
"1141ZZ0009/P";"2003-08-23";"8.26"
"1141ZZ0009/P";"2003-08-24";"8.26"
"1141ZZ0009/P";"2003-08-25";"8.26"
"1141ZZ0009/P";"2003-08-26";"8.26"
"1141ZZ0009/P";"2003-08-27";"8.26"
"1141ZZ0009/P";"2003-08-28";"8.25"
"1141ZZ0009/P";"2003-08-29";"8.25"
"1141ZZ0009/P";"2003-08-30";"8.25"
"1141ZZ0009/P";"2003-08-31";"8.25"
"1141ZZ0009/P";"2003-09-01";"8.25"
"1141ZZ0009/P";"2003-09-02";"8.25"
"1141ZZ0009/P";"2003-09-03";"8.25"
"1141ZZ0009/P";"2003-09-04";"8.25"
"1141ZZ0009/P";"2003-09-05";"8.25"
"1141ZZ0009/P";"2003-09-06";"8.25"
"1141ZZ0009/P";"2003-09-07";"8.25"
"1141ZZ0009/P";"2003-09-08";"8.25"
"1141ZZ0009/P";"2003-09-09";"8.25"
"1141ZZ0009/P";"2003-09-10";"8.25"
"1141ZZ0009/P";"2003-09-11";"8.25"
"1141ZZ0009/P";"2003-09-12";"8.94"
"1141ZZ0009/P";"2003-09-13";"8.72"
"1141ZZ0009/P";"2003-09-14";"8.58"
"1141ZZ0009/P";"2003-09-15";"8.49"
"1141ZZ0009/P";"2003-09-16";"8.42"
"1141ZZ0009/P";"2003-09-17";"8.37"
"1141ZZ0009/P";"2003-09-18";"8.34"
"1141ZZ0009/P";"2003-09-19";"8.32"
"1141ZZ0009/P";"2003-09-20";"8.37"
"1141ZZ0009/P";"2003-09-21";"8.33"
"1141ZZ0009/P";"2003-09-22";"8.3"
"1141ZZ0009/P";"2003-09-23";"8.28"
"1141ZZ0009/P";"2003-09-24";"8.27"
"1141ZZ0009/P";"2003-09-25";"8.26"
"1141ZZ0009/P";"2003-09-26";"8.26"
"1141ZZ0009/P";"2003-09-27";"8.25"
"1141ZZ0009/P";"2003-09-28";"8.25"
"1141ZZ0009/P";"2003-09-29";"8.25"
"1141ZZ0009/P";"2003-09-30";"8.25"
"1141ZZ0009/P";"2003-10-01";"8.25"
"1141ZZ0009/P";"2003-10-02";"8.25"
"1141ZZ0009/P";"2003-10-03";"8.62"
"1141ZZ0009/P";"2003-10-04";"9.02"
"1141ZZ0009/P";"2003-10-05";"9.47"
"1141ZZ0009/P";"2003-10-06";"9.43"
"1141ZZ0009/P";"2003-10-07";"9.1"
"1141ZZ0009/P";"2003-10-08";"9.02"
"1141ZZ0009/P";"2003-10-09";"8.97"
"1141ZZ0009/P";"2003-10-10";"9.55"
"1141ZZ0009/P";"2003-10-11";"9.18"
"1141ZZ0009/P";"2003-10-12";"9.06"
"1141ZZ0009/P";"2003-10-13";"9.19"
"1141ZZ0009/P";"2003-10-14";"9.54"
"1141ZZ0009/P";"2003-10-15";"9.24"
"1141ZZ0009/P";"2003-10-16";"9.06"
"1141ZZ0009/P";"2003-10-17";"8.93"
"1141ZZ0009/P";"2003-10-18";"8.91"
"1141ZZ0009/P";"2003-10-19";"8.89"
"1141ZZ0009/P";"2003-10-20";"8.82"
"1141ZZ0009/P";"2003-10-21";"8.78"
"1141ZZ0009/P";"2003-10-22";"8.74"
"1141ZZ0009/P";"2003-10-23";"8.72"
"1141ZZ0009/P";"2003-10-24";"8.71"
"1141ZZ0009/P";"2003-10-25";"8.84"
"1141ZZ0009/P";"2003-10-26";"9.54"
"1141ZZ0009/P";"2003-10-27";"9.27"
"1141ZZ0009/P";"2003-10-28";"9.1"
"1141ZZ0009/P";"2003-10-29";"9.04"
"1141ZZ0009/P";"2003-10-30";"9.06"
"1141ZZ0009/P";"2003-10-31";"9.18"
"1141ZZ0009/P";"2003-11-01";"9.05"
"1141ZZ0009/P";"2003-11-02";"8.96"
"1141ZZ0009/P";"2003-11-03";"8.9"
"1141ZZ0009/P";"2003-11-04";"8.86"
"1141ZZ0009/P";"2003-11-05";"8.96"
"1141ZZ0009/P";"2003-11-06";"8.92"
"1141ZZ0009/P";"2003-11-07";"9.36"
"1141ZZ0009/P";"2003-11-08";"9.3"
"1141ZZ0009/P";"2003-11-09";"10.0"
"1141ZZ0009/P";"2003-11-10";"10.25"
"1141ZZ0009/P";"2003-11-11";"10.28"
"1141ZZ0009/P";"2003-11-12";"10.1"
"1141ZZ0009/P";"2003-11-13";"9.89"
"1141ZZ0009/P";"2003-11-14";"9.61"
"1141ZZ0009/P";"2003-11-15";"9.48"
"1141ZZ0009/P";"2003-11-16";"9.84"
"1141ZZ0009/P";"2003-11-17";"10.08"
"1141ZZ0009/P";"2003-11-18";"9.8"
"1141ZZ0009/P";"2003-11-19";"9.55"
"1141ZZ0009/P";"2003-11-20";"9.4"
"1141ZZ0009/P";"2003-11-21";"9.31"
"1141ZZ0009/P";"2003-11-22";"9.25"
"1141ZZ0009/P";"2003-11-23";"9.21"
"1141ZZ0009/P";"2003-11-24";"9.17"
"1141ZZ0009/P";"2003-11-25";"9.16"
"1141ZZ0009/P";"2003-11-26";"9.46"
"1141ZZ0009/P";"2003-11-27";"9.66"
"1141ZZ0009/P";"2003-11-28";"9.5"
"1141ZZ0009/P";"2003-11-29";"9.38"
"1141ZZ0009/P";"2003-11-30";"9.3"
"1141ZZ0009/P";"2003-12-01";"9.24"
"1141ZZ0009/P";"2003-12-02";"9.2"
"1141ZZ0009/P";"2003-12-03";"9.18"
"1141ZZ0009/P";"2003-12-04";"9.16"
"1141ZZ0009/P";"2003-12-05";"9.15"
"1141ZZ0009/P";"2003-12-06";"9.14"
"1141ZZ0009/P";"2003-12-07";"9.13"
"1141ZZ0009/P";"2003-12-08";"9.13"
"1141ZZ0009/P";"2003-12-09";"9.13"
"1141ZZ0009/P";"2003-12-10";"9.13"
"1141ZZ0009/P";"2003-12-11";"9.13"
"1141ZZ0009/P";"2003-12-12";"9.26"
"1141ZZ0009/P";"2003-12-13";"9.2"
"1141ZZ0009/P";"2003-12-14";"9.18"
"1141ZZ0009/P";"2003-12-15";"9.18"
"1141ZZ0009/P";"2003-12-16";"9.16"
"1141ZZ0009/P";"2003-12-17";"9.16"
"1141ZZ0009/P";"2003-12-18";"9.2"
"1141ZZ0009/P";"2003-12-19";"9.19"
"1141ZZ0009/P";"2003-12-20";"9.18"
"1141ZZ0009/P";"2003-12-21";"9.2"
"1141ZZ0009/P";"2003-12-22";"9.19"
"1141ZZ0009/P";"2003-12-23";"9.19"
"1141ZZ0009/P";"2003-12-24";"9.19"
"1141ZZ0009/P";"2003-12-25";"9.19"
"1141ZZ0009/P";"2003-12-26";"9.19"
"1141ZZ0009/P";"2003-12-27";"9.2"
"1141ZZ0009/P";"2003-12-28";"9.2"
"1141ZZ0009/P";"2003-12-29";"9.2"
"1141ZZ0009/P";"2003-12-30";"9.2"
"1141ZZ0009/P";"2003-12-31";"9.19"
"1141ZZ0009/P";"2004-01-01";"9.2"
"1141ZZ0009/P";"2004-01-02";"9.19"
"1141ZZ0009/P";"2004-01-03";"9.2"
"1141ZZ0009/P";"2004-01-04";"9.2"
"1141ZZ0009/P";"2004-01-05";"9.2"
"1141ZZ0009/P";"2004-01-06";"9.34"
"1141ZZ0009/P";"2004-01-07";"9.34"
"1141ZZ0009/P";"2004-01-08";"9.37"
"1141ZZ0009/P";"2004-01-09";"9.45"
"1141ZZ0009/P";"2004-01-10";"9.45"
"1141ZZ0009/P";"2004-01-11";"9.41"
"1141ZZ0009/P";"2004-01-12";"9.36"
"1141ZZ0009/P";"2004-01-13";"9.33"
"1141ZZ0009/P";"2004-01-14";"9.31"
"1141ZZ0009/P";"2004-01-15";"9.29"
"1141ZZ0009/P";"2004-01-16";"9.29"
"1141ZZ0009/P";"2004-01-17";"9.28"
"1141ZZ0009/P";"2004-01-18";"9.28"
"1141ZZ0009/P";"2004-01-19";"9.51"
"1141ZZ0009/P";"2004-01-20";"9.4"
"1141ZZ0009/P";"2004-01-21";"9.36"
"1141ZZ0009/P";"2004-01-22";"9.33"
"1141ZZ0009/P";"2004-01-23";"9.31"
"1141ZZ0009/P";"2004-01-24";"9.3"
"1141ZZ0009/P";"2004-01-25";"9.29"
"1141ZZ0009/P";"2004-01-26";"9.28"
"1141ZZ0009/P";"2004-01-27";"9.28"
"1141ZZ0009/P";"2004-01-28";"9.28"
"1141ZZ0009/P";"2004-01-29";"9.28"
"1141ZZ0009/P";"2004-01-30";"9.28"
"1141ZZ0009/P";"2004-01-31";"9.27"
"1141ZZ0009/P";"2004-02-01";"9.27"
"1141ZZ0009/P";"2004-02-02";"9.27"
"1141ZZ0009/P";"2004-02-03";"9.28"
"1141ZZ0009/P";"2004-02-04";"9.27"
"1141ZZ0009/P";"2004-02-05";"9.27"
"1141ZZ0009/P";"2004-02-06";"9.27"
"1141ZZ0009/P";"2004-02-07";"9.28"
"1141ZZ0009/P";"2004-02-08";"9.29"
"1141ZZ0009/P";"2004-02-09";"9.28"
"1141ZZ0009/P";"2004-02-10";"9.28"
"1141ZZ0009/P";"2004-02-11";"9.28"
"1141ZZ0009/P";"2004-02-12";"9.28"
"1141ZZ0009/P";"2004-02-13";"9.28"
"1141ZZ0009/P";"2004-02-14";"9.28"
"1141ZZ0009/P";"2004-02-15";"9.28"
"1141ZZ0009/P";"2004-02-16";"9.28"
"1141ZZ0009/P";"2004-02-17";"9.28"
"1141ZZ0009/P";"2004-02-18";"9.28"
"1141ZZ0009/P";"2004-02-19";"9.28"
"1141ZZ0009/P";"2004-02-20";"9.28"
"1141ZZ0009/P";"2004-02-21";"9.28"
"1141ZZ0009/P";"2004-02-22";"9.27"
"1141ZZ0009/P";"2004-02-23";"9.27"
"1141ZZ0009/P";"2004-02-24";"9.27"
"1141ZZ0009/P";"2004-02-25";"9.31"
"1141ZZ0009/P";"2004-02-26";"9.32"
"1141ZZ0009/P";"2004-02-27";"9.3"
"1141ZZ0009/P";"2004-02-28";"9.29"
"1141ZZ0009/P";"2004-02-29";"9.28"
"1141ZZ0009/P";"2004-03-01";"9.28"
"1141ZZ0009/P";"2004-03-02";"9.27"
"1141ZZ0009/P";"2004-03-03";"9.27"
"1141ZZ0009/P";"2004-03-04";"9.27"
"1141ZZ0009/P";"2004-03-05";"9.27"
"1141ZZ0009/P";"2004-03-06";"9.27"
"1141ZZ0009/P";"2004-03-07";"9.27"
"1141ZZ0009/P";"2004-03-08";"9.27"
"1141ZZ0009/P";"2004-03-09";"9.27"
"1141ZZ0009/P";"2004-03-10";"9.27"
"1141ZZ0009/P";"2004-03-11";"9.27"
"1141ZZ0009/P";"2004-03-12";"9.27"
"1141ZZ0009/P";"2004-03-13";"9.26"
"1141ZZ0009/P";"2004-03-14";"9.26"
"1141ZZ0009/P";"2004-03-15";"9.26"
"1141ZZ0009/P";"2004-03-16";"9.26"
"1141ZZ0009/P";"2004-03-17";"9.27"
"1141ZZ0009/P";"2004-03-18";"9.27"
"1141ZZ0009/P";"2004-03-19";"9.26"
"1141ZZ0009/P";"2004-03-20";"9.26"
"1141ZZ0009/P";"2004-03-21";"9.26"
"1141ZZ0009/P";"2004-03-22";"9.26"
"1141ZZ0009/P";"2004-03-23";"9.26"
"1141ZZ0009/P";"2004-03-24";"9.25"
"1141ZZ0009/P";"2004-03-25";"9.25"
"1141ZZ0009/P";"2004-03-26";"9.25"
"1141ZZ0009/P";"2004-03-27";"9.25"
"1141ZZ0009/P";"2004-03-28";"9.25"
"1141ZZ0009/P";"2004-03-29";"9.25"
"1141ZZ0009/P";"2004-03-30";"9.25"
"1141ZZ0009/P";"2004-03-31";"9.25"
"1141ZZ0009/P";"2004-04-01";"9.25"
"1141ZZ0009/P";"2004-04-02";"9.64"
"1141ZZ0009/P";"2004-04-03";"9.47"
"1141ZZ0009/P";"2004-04-04";"9.39"
"1141ZZ0009/P";"2004-04-05";"9.34"
"1141ZZ0009/P";"2004-04-06";"9.33"
"1141ZZ0009/P";"2004-04-07";"9.33"
"1141ZZ0009/P";"2004-04-08";"9.32"
"1141ZZ0009/P";"2004-04-09";"9.31"
"1141ZZ0009/P";"2004-04-10";"9.31"
"1141ZZ0009/P";"2004-04-11";"9.32"
"1141ZZ0009/P";"2004-04-12";"9.31"
"1141ZZ0009/P";"2004-04-13";"9.31"
"1141ZZ0009/P";"2004-04-14";"9.31"
"1141ZZ0009/P";"2004-04-15";"9.31"
"1141ZZ0009/P";"2004-04-16";"9.31"
"1141ZZ0009/P";"2004-04-17";"9.31"
"1141ZZ0009/P";"2004-04-18";"9.31"
"1141ZZ0009/P";"2004-04-19";"9.36"
"1141ZZ0009/P";"2004-04-20";"9.34"
"1141ZZ0009/P";"2004-04-21";"9.32"
"1141ZZ0009/P";"2004-04-22";"9.32"
"1141ZZ0009/P";"2004-04-23";"9.31"
"1141ZZ0009/P";"2004-04-24";"9.31"
"1141ZZ0009/P";"2004-04-25";"9.31"
"1141ZZ0009/P";"2004-04-26";"9.31"
"1141ZZ0009/P";"2004-04-27";"9.31"
"1141ZZ0009/P";"2004-04-28";"9.31"
"1141ZZ0009/P";"2004-04-29";"9.31"
"1141ZZ0009/P";"2004-04-30";"9.31"
"1141ZZ0009/P";"2004-05-01";"9.31"
"1141ZZ0009/P";"2004-05-02";"9.31"
"1141ZZ0009/P";"2004-05-03";"9.31"
"1141ZZ0009/P";"2004-05-04";"9.31"
"1141ZZ0009/P";"2004-05-05";"9.31"
"1141ZZ0009/P";"2004-05-06";"9.31"
"1141ZZ0009/P";"2004-05-07";"9.31"
"1141ZZ0009/P";"2004-05-08";"9.31"
"1141ZZ0009/P";"2004-05-09";"9.31"
"1141ZZ0009/P";"2004-05-10";"9.31"
"1141ZZ0009/P";"2004-05-11";"9.31"
"1141ZZ0009/P";"2004-05-12";"9.3"
"1141ZZ0009/P";"2004-05-13";"9.3"
"1141ZZ0009/P";"2004-05-14";"9.3"
"1141ZZ0009/P";"2004-05-15";"9.3"
"1141ZZ0009/P";"2004-05-16";"9.3"
"1141ZZ0009/P";"2004-05-17";"9.3"
"1141ZZ0009/P";"2004-05-18";"9.37"
"1141ZZ0009/P";"2004-05-19";"9.62"
"1141ZZ0009/P";"2004-05-20";"9.69"
"1141ZZ0009/P";"2004-05-21";"9.83"
"1141ZZ0009/P";"2004-05-22";"10.18"
"1141ZZ0009/P";"2004-05-23";"10.3"
"1141ZZ0009/P";"2004-05-24";"9.94"
"1141ZZ0009/P";"2004-05-25";"9.7"
"1141ZZ0009/P";"2004-05-26";"9.59"
"1141ZZ0009/P";"2004-05-27";"9.53"
"1141ZZ0009/P";"2004-05-28";"9.49"
"1141ZZ0009/P";"2004-05-29";"9.47"
"1141ZZ0009/P";"2004-05-30";"9.45"
"1141ZZ0009/P";"2004-05-31";"9.44"
"1141ZZ0009/P";"2004-06-01";"9.43"
"1141ZZ0009/P";"2004-06-02";"9.42"
"1141ZZ0009/P";"2004-06-03";"9.42"
"1141ZZ0009/P";"2004-06-04";"9.41"
"1141ZZ0009/P";"2004-06-05";"9.41"
"1141ZZ0009/P";"2004-06-06";"9.41"
"1141ZZ0009/P";"2004-06-07";"9.41"
"1141ZZ0009/P";"2004-06-08";"9.41"
"1141ZZ0009/P";"2004-06-09";"9.41"
"1141ZZ0009/P";"2004-06-10";"9.41"
"1141ZZ0009/P";"2004-06-11";"9.41"
"1141ZZ0009/P";"2004-06-12";"9.41"
"1141ZZ0009/P";"2004-06-13";"9.41"
"1141ZZ0009/P";"2004-06-14";"9.41"
"1141ZZ0009/P";"2004-06-15";"9.42"
"1141ZZ0009/P";"2004-06-16";"9.42"
"1141ZZ0009/P";"2004-06-17";"9.42"
"1141ZZ0009/P";"2004-06-18";"9.42"
"1141ZZ0009/P";"2004-06-19";"9.42"
"1141ZZ0009/P";"2004-06-20";"9.42"
"1141ZZ0009/P";"2004-06-21";"9.42"
"1141ZZ0009/P";"2004-06-22";"9.42"
"1141ZZ0009/P";"2004-06-23";"9.42"
"1141ZZ0009/P";"2004-06-24";"9.42"
"1141ZZ0009/P";"2004-06-25";"9.42"
"1141ZZ0009/P";"2004-06-26";"9.42"
"1141ZZ0009/P";"2004-06-27";"9.42"
"1141ZZ0009/P";"2004-06-28";"9.42"
"1141ZZ0009/P";"2004-06-29";"9.42"
"1141ZZ0009/P";"2004-06-30";"9.42"
"1141ZZ0009/P";"2004-07-01";"9.43"
"1141ZZ0009/P";"2004-07-02";"9.5"
"1141ZZ0009/P";"2004-07-03";"9.46"
"1141ZZ0009/P";"2004-07-04";"9.46"
"1141ZZ0009/P";"2004-07-05";"9.56"
"1141ZZ0009/P";"2004-07-06";"9.51"
"1141ZZ0009/P";"2004-07-07";"9.48"
"1141ZZ0009/P";"2004-07-08";"9.47"
"1141ZZ0009/P";"2004-07-09";"9.46"
"1141ZZ0009/P";"2004-07-10";"9.46"
"1141ZZ0009/P";"2004-07-11";"9.46"
"1141ZZ0009/P";"2004-07-12";"9.6"
"1141ZZ0009/P";"2004-07-13";"9.53"
"1141ZZ0009/P";"2004-07-14";"9.5"
"1141ZZ0009/P";"2004-07-15";"9.49"
"1141ZZ0009/P";"2004-07-16";"9.48"
"1141ZZ0009/P";"2004-07-17";"9.47"
"1141ZZ0009/P";"2004-07-18";"9.47"
"1141ZZ0009/P";"2004-07-19";"9.47"
"1141ZZ0009/P";"2004-07-20";"9.47"
"1141ZZ0009/P";"2004-07-21";"9.47"
"1141ZZ0009/P";"2004-07-22";"9.47"
"1141ZZ0009/P";"2004-07-23";"9.47"
"1141ZZ0009/P";"2004-07-24";"9.47"
"1141ZZ0009/P";"2004-07-25";"9.51"
"1141ZZ0009/P";"2004-07-26";"9.49"
"1141ZZ0009/P";"2004-07-27";"9.48"
"1141ZZ0009/P";"2004-07-28";"9.48"
"1141ZZ0009/P";"2004-07-29";"9.49"
"1141ZZ0009/P";"2004-07-30";"9.48"
"1141ZZ0009/P";"2004-07-31";"9.48"
"1141ZZ0009/P";"2004-08-01";"9.47"
"1141ZZ0009/P";"2004-08-02";"9.47"
"1141ZZ0009/P";"2004-08-03";"9.48"
"1141ZZ0009/P";"2004-08-04";"9.48"
"1141ZZ0009/P";"2004-08-05";"9.48"
"1141ZZ0009/P";"2004-08-06";"9.48"
"1141ZZ0009/P";"2004-08-07";"9.48"
"1141ZZ0009/P";"2004-08-08";"9.48"
"1141ZZ0009/P";"2004-08-09";"9.48"
"1141ZZ0009/P";"2004-08-10";"9.48"
"1141ZZ0009/P";"2004-08-11";"9.48"
"1141ZZ0009/P";"2004-08-12";"9.48"
"1141ZZ0009/P";"2004-08-13";"9.48"
"1141ZZ0009/P";"2004-08-14";"9.48"
"1141ZZ0009/P";"2004-08-15";"9.48"
"1141ZZ0009/P";"2004-08-16";"9.48"
"1141ZZ0009/P";"2004-08-17";"9.48"
"1141ZZ0009/P";"2004-08-18";"9.48"
"1141ZZ0009/P";"2004-08-19";"9.48"
"1141ZZ0009/P";"2004-08-20";"9.48"
"1141ZZ0009/P";"2004-08-21";"9.48"
"1141ZZ0009/P";"2004-08-22";"9.48"
"1141ZZ0009/P";"2004-08-23";"9.48"
"1141ZZ0009/P";"2004-08-24";"9.48"
"1141ZZ0009/P";"2004-08-25";"9.48"
"1141ZZ0009/P";"2004-08-26";"9.48"
"1141ZZ0009/P";"2004-08-27";"9.48"
"1141ZZ0009/P";"2004-08-28";"9.47"
"1141ZZ0009/P";"2004-08-29";"9.47"
"1141ZZ0009/P";"2004-08-30";"9.47"
"1141ZZ0009/P";"2004-08-31";"9.47"
"1141ZZ0009/P";"2004-09-01";"9.49"
"1141ZZ0009/P";"2004-09-02";"9.48"
"1141ZZ0009/P";"2004-09-03";"9.47"
"1141ZZ0009/P";"2004-09-04";"9.47"
"1141ZZ0009/P";"2004-09-05";"9.47"
"1141ZZ0009/P";"2004-09-06";"9.47"
"1141ZZ0009/P";"2004-09-07";"9.47"
"1141ZZ0009/P";"2004-09-08";"9.47"
"1141ZZ0009/P";"2004-09-09";"9.46"
"1141ZZ0009/P";"2004-09-10";"9.46"
"1141ZZ0009/P";"2004-09-11";"9.46"
"1141ZZ0009/P";"2004-09-12";"9.46"
"1141ZZ0009/P";"2004-09-13";"9.46"
"1141ZZ0009/P";"2004-09-14";"9.62"
"1141ZZ0009/P";"2004-09-15";"9.9"
"1141ZZ0009/P";"2004-09-16";"9.71"
"1141ZZ0009/P";"2004-09-17";"9.86"
"1141ZZ0009/P";"2004-09-18";"9.59"
"1141ZZ0009/P";"2004-09-19";"9.55"
"1141ZZ0009/P";"2004-09-20";"9.53"
"1141ZZ0009/P";"2004-09-21";"9.52"
"1141ZZ0009/P";"2004-09-22";"9.51"
"1141ZZ0009/P";"2004-09-23";"9.51"
"1141ZZ0009/P";"2004-09-24";"9.51"
"1141ZZ0009/P";"2004-09-25";"9.5"
"1141ZZ0009/P";"2004-09-26";"9.5"
"1141ZZ0009/P";"2004-09-27";"9.5"
"1141ZZ0009/P";"2004-09-28";"9.5"
"1141ZZ0009/P";"2004-09-29";"9.56"
"1141ZZ0009/P";"2004-09-30";"9.52"
"1141ZZ0009/P";"2004-10-01";"9.51"
"1141ZZ0009/P";"2004-10-02";"9.51"
"1141ZZ0009/P";"2004-10-03";"9.5"
"1141ZZ0009/P";"2004-10-04";"9.59"
"1141ZZ0009/P";"2004-10-05";"9.53"
"1141ZZ0009/P";"2004-10-06";"9.52"
"1141ZZ0009/P";"2004-10-07";"9.51"
"1141ZZ0009/P";"2004-10-08";"9.49"
"1141ZZ0009/P";"2004-10-09";"9.49"
"1141ZZ0009/P";"2004-10-10";"9.48"
"1141ZZ0009/P";"2004-10-11";"9.48"
"1141ZZ0009/P";"2004-10-12";"9.48"
"1141ZZ0009/P";"2004-10-13";"9.5"
"1141ZZ0009/P";"2004-10-14";"9.49"
"1141ZZ0009/P";"2004-10-15";"9.55"
"1141ZZ0009/P";"2004-10-16";"9.59"
"1141ZZ0009/P";"2004-10-17";"9.54"
"1141ZZ0009/P";"2004-10-18";"9.52"
"1141ZZ0009/P";"2004-10-19";"9.56"
"1141ZZ0009/P";"2004-10-20";"10.07"
"1141ZZ0009/P";"2004-10-21";"9.89"
"1141ZZ0009/P";"2004-10-22";"10.22"
"1141ZZ0009/P";"2004-10-23";"9.89"
"1141ZZ0009/P";"2004-10-24";"9.75"
"1141ZZ0009/P";"2004-10-25";"9.67"
"1141ZZ0009/P";"2004-10-26";"9.63"
"1141ZZ0009/P";"2004-10-27";"9.61"
"1141ZZ0009/P";"2004-10-28";"9.6"
"1141ZZ0009/P";"2004-10-29";"9.59"
"1141ZZ0009/P";"2004-10-30";"9.6"
"1141ZZ0009/P";"2004-10-31";"9.58"
"1141ZZ0009/P";"2004-11-01";"9.58"
"1141ZZ0009/P";"2004-11-02";"9.58"
"1141ZZ0009/P";"2004-11-03";"9.58"
"1141ZZ0009/P";"2004-11-04";"9.6"
"1141ZZ0009/P";"2004-11-05";"9.59"
"1141ZZ0009/P";"2004-11-06";"9.59"
"1141ZZ0009/P";"2004-11-07";"9.62"
"1141ZZ0009/P";"2004-11-08";"9.62"
"1141ZZ0009/P";"2004-11-09";"9.61"
"1141ZZ0009/P";"2004-11-10";"9.98"
"1141ZZ0009/P";"2004-11-11";"9.84"
"1141ZZ0009/P";"2004-11-12";"9.77"
"1141ZZ0009/P";"2004-11-13";"9.75"
"1141ZZ0009/P";"2004-11-14";"9.76"
"1141ZZ0009/P";"2004-11-15";"9.79"
"1141ZZ0009/P";"2004-11-16";"9.78"
"1141ZZ0009/P";"2004-11-17";"9.78"
"1141ZZ0009/P";"2004-11-18";"9.8"
"1141ZZ0009/P";"2004-11-19";"10.81"
"1141ZZ0009/P";"2004-11-20";"10.29"
"1141ZZ0009/P";"2004-11-21";"10.25"
"1141ZZ0009/P";"2004-11-22";"10.23"
"1141ZZ0009/P";"2004-11-23";"10.04"
"1141ZZ0009/P";"2004-11-24";"9.96"
"1141ZZ0009/P";"2004-11-25";"9.92"
"1141ZZ0009/P";"2004-11-26";"9.9"
"1141ZZ0009/P";"2004-11-27";"9.88"
"1141ZZ0009/P";"2004-11-28";"9.88"
"1141ZZ0009/P";"2004-11-29";"9.88"
"1141ZZ0009/P";"2004-11-30";"9.87"
"1141ZZ0009/P";"2004-12-01";"9.88"
"1141ZZ0009/P";"2004-12-02";"9.88"
"1141ZZ0009/P";"2004-12-03";"9.9"
"1141ZZ0009/P";"2004-12-04";"9.91"
"1141ZZ0009/P";"2004-12-05";"9.91"
"1141ZZ0009/P";"2004-12-06";"9.91"
"1141ZZ0009/P";"2004-12-07";"9.92"
"1141ZZ0009/P";"2004-12-08";"9.93"
"1141ZZ0009/P";"2004-12-09";"9.93"
"1141ZZ0009/P";"2004-12-10";"9.94"
"1141ZZ0009/P";"2004-12-11";"9.95"
"1141ZZ0009/P";"2004-12-12";"9.95"
"1141ZZ0009/P";"2004-12-13";"9.96"
"1141ZZ0009/P";"2004-12-14";"9.96"
"1141ZZ0009/P";"2004-12-15";"9.97"
"1141ZZ0009/P";"2004-12-16";"9.98"
"1141ZZ0009/P";"2004-12-17";"10.01"
"1141ZZ0009/P";"2004-12-18";"10.0"
"1141ZZ0009/P";"2004-12-19";"10.0"
"1141ZZ0009/P";"2004-12-20";"10.0"
"1141ZZ0009/P";"2004-12-21";"10.0"
"1141ZZ0009/P";"2004-12-22";"10.01"
"1141ZZ0009/P";"2004-12-23";"10.02"
"1141ZZ0009/P";"2004-12-24";"10.03"
"1141ZZ0009/P";"2004-12-25";"10.03"
"1141ZZ0009/P";"2004-12-26";"10.04"
"1141ZZ0009/P";"2004-12-27";"10.04"
"1141ZZ0009/P";"2004-12-28";"10.04"
"1141ZZ0009/P";"2004-12-29";"10.05"
"1141ZZ0009/P";"2004-12-30";"10.05"
"1141ZZ0009/P";"2004-12-31";"10.06"
"1141ZZ0009/P";"2005-01-01";"10.06"
"1141ZZ0009/P";"2005-01-02";"10.06"
"1141ZZ0009/P";"2005-01-03";"10.19"
"1141ZZ0009/P";"2005-01-04";"10.11"
"1141ZZ0009/P";"2005-01-05";"10.16"
"1141ZZ0009/P";"2005-01-06";"10.08"
"1141ZZ0009/P";"2005-01-07";"10.08"
"1141ZZ0009/P";"2005-01-08";"10.08"
"1141ZZ0009/P";"2005-01-09";"10.11"
"1141ZZ0009/P";"2005-01-10";"10.14"
"1141ZZ0009/P";"2005-01-11";"10.14"
"1141ZZ0009/P";"2005-01-12";"10.12"
"1141ZZ0009/P";"2005-01-13";"10.12"
"1141ZZ0009/P";"2005-01-14";"10.12"
"1141ZZ0009/P";"2005-01-15";"10.12"
"1141ZZ0009/P";"2005-01-16";"10.12"
"1141ZZ0009/P";"2005-01-17";"10.13"
"1141ZZ0009/P";"2005-01-18";"10.13"
"1141ZZ0009/P";"2005-01-19";"10.13"
"1141ZZ0009/P";"2005-01-20";"10.14"
"1141ZZ0009/P";"2005-01-21";"10.15"
"1141ZZ0009/P";"2005-01-22";"10.14"
"1141ZZ0009/P";"2005-01-23";"10.14"
"1141ZZ0009/P";"2005-01-24";"10.14"
"1141ZZ0009/P";"2005-01-25";"10.15"
"1141ZZ0009/P";"2005-01-26";"10.15"
"1141ZZ0009/P";"2005-01-27";"10.15"
"1141ZZ0009/P";"2005-01-28";"10.15"
"1141ZZ0009/P";"2005-01-29";"10.16"
"1141ZZ0009/P";"2005-01-30";"10.16"
"1141ZZ0009/P";"2005-01-31";"10.16"
"1141ZZ0009/P";"2005-02-01";"10.17"
"1141ZZ0009/P";"2005-02-02";"10.16"
"1141ZZ0009/P";"2005-02-03";"10.2"
"1141ZZ0009/P";"2005-02-04";"10.21"
"1141ZZ0009/P";"2005-02-05";"10.15"
"1141ZZ0009/P";"2005-02-06";"10.16"
"1141ZZ0009/P";"2005-02-07";"10.17"
"1141ZZ0009/P";"2005-02-08";"10.17"
"1141ZZ0009/P";"2005-02-09";"10.16"
"1141ZZ0009/P";"2005-02-10";"10.16"
"1141ZZ0009/P";"2005-02-11";"10.17"
"1141ZZ0009/P";"2005-02-12";"10.18"
"1141ZZ0009/P";"2005-02-13";"10.21"
"1141ZZ0009/P";"2005-02-14";"10.2"
"1141ZZ0009/P";"2005-02-15";"10.18"
"1141ZZ0009/P";"2005-02-16";"10.2"
"1141ZZ0009/P";"2005-02-17";"10.21"
"1141ZZ0009/P";"2005-02-18";"10.2"
"1141ZZ0009/P";"2005-02-19";"10.19"
"1141ZZ0009/P";"2005-02-20";"10.19"
"1141ZZ0009/P";"2005-02-21";"10.19"
"1141ZZ0009/P";"2005-02-22";"10.2"
"1141ZZ0009/P";"2005-02-23";"10.19"
"1141ZZ0009/P";"2005-02-24";"10.19"
"1141ZZ0009/P";"2005-02-25";"10.19"
"1141ZZ0009/P";"2005-02-26";"10.19"
"1141ZZ0009/P";"2005-02-27";"10.19"
"1141ZZ0009/P";"2005-02-28";"10.19"
"1141ZZ0009/P";"2005-03-01";"10.2"
"1141ZZ0009/P";"2005-03-03";"10.18"
"1141ZZ0009/P";"2005-03-04";"10.21"
"1141ZZ0009/P";"2005-03-13";"10.21"
"1141ZZ0009/P";"2005-03-14";"10.21"
"1141ZZ0009/P";"2005-03-15";"10.22"
"1141ZZ0009/P";"2005-03-16";"10.22"
"1141ZZ0009/P";"2005-03-17";"10.22"
"1141ZZ0009/P";"2005-03-19";"10.22"
"1141ZZ0009/P";"2005-03-20";"10.22"
"1141ZZ0009/P";"2005-03-21";"10.22"
"1141ZZ0009/P";"2005-03-22";"10.22"
"1141ZZ0009/P";"2005-03-23";"10.21"
"1141ZZ0009/P";"2005-03-24";"10.21"
"1141ZZ0009/P";"2005-03-25";"10.21"
"1141ZZ0009/P";"2005-03-26";"10.21"
"1141ZZ0009/P";"2005-03-27";"10.21"
"1141ZZ0009/P";"2005-03-28";"10.21"
"1141ZZ0009/P";"2005-03-29";"10.21"
"1141ZZ0009/P";"2005-03-30";"10.21"
"1141ZZ0009/P";"2005-03-31";"10.21"
"1141ZZ0009/P";"2005-04-03";"10.18"
"1141ZZ0009/P";"2005-04-04";"10.21"
"1141ZZ0009/P";"2005-04-13";"10.2"
"1141ZZ0009/P";"2005-04-14";"10.2"
"1141ZZ0009/P";"2005-04-15";"10.19"
"1141ZZ0009/P";"2005-04-16";"10.19"
"1141ZZ0009/P";"2005-04-17";"10.19"
"1141ZZ0009/P";"2005-04-18";"10.19"
"1141ZZ0009/P";"2005-04-19";"10.19"
"1141ZZ0009/P";"2005-04-20";"10.19"
"1141ZZ0009/P";"2005-04-21";"10.18"
"1141ZZ0009/P";"2005-04-22";"10.18"
"1141ZZ0009/P";"2005-04-23";"10.18"
"1141ZZ0009/P";"2005-04-24";"10.22"
"1141ZZ0009/P";"2005-04-25";"10.18"
"1141ZZ0009/P";"2005-04-26";"10.17"
"1141ZZ0009/P";"2005-04-27";"10.17"
"1141ZZ0009/P";"2005-04-28";"10.17"
"1141ZZ0009/P";"2005-04-29";"10.16"
"1141ZZ0009/P";"2005-04-30";"10.16"
"1141ZZ0009/P";"2005-05-01";"10.16"
"1141ZZ0009/P";"2005-05-02";"10.16"
"1141ZZ0009/P";"2005-05-03";"10.16"
"1141ZZ0009/P";"2005-05-04";"10.15"
"1141ZZ0009/P";"2005-05-05";"10.15"
"1141ZZ0009/P";"2005-05-06";"10.15"
"1141ZZ0009/P";"2005-05-07";"10.14"
"1141ZZ0009/P";"2005-05-08";"10.14"
"1141ZZ0009/P";"2005-05-09";"10.14"
"1141ZZ0009/P";"2005-05-10";"10.14"
"1141ZZ0009/P";"2005-05-11";"10.14"
"1141ZZ0009/P";"2005-05-12";"10.14"
"1141ZZ0009/P";"2005-05-13";"10.14"
"1141ZZ0009/P";"2005-05-14";"10.13"
"1141ZZ0009/P";"2005-05-15";"10.13"
"1141ZZ0009/P";"2005-05-16";"10.12"
"1141ZZ0009/P";"2005-05-17";"10.12"
"1141ZZ0009/P";"2005-05-18";"10.12"
"1141ZZ0009/P";"2005-05-19";"10.12"
"1141ZZ0009/P";"2005-05-20";"10.11"
"1141ZZ0009/P";"2005-05-21";"10.11"
"1141ZZ0009/P";"2005-05-22";"10.11"
"1141ZZ0009/P";"2005-05-23";"10.11"
"1141ZZ0009/P";"2005-05-24";"10.1"
"1141ZZ0009/P";"2005-05-25";"10.12"
"1141ZZ0009/P";"2005-05-26";"10.1"
"1141ZZ0009/P";"2005-05-27";"10.09"
"1141ZZ0009/P";"2005-05-28";"10.09"
"1141ZZ0009/P";"2005-05-29";"10.08"
"1141ZZ0009/P";"2005-05-30";"10.08"
"1141ZZ0009/P";"2005-05-31";"10.08"
"1141ZZ0009/P";"2005-06-01";"10.08"
"1141ZZ0009/P";"2005-06-02";"10.08"
"1141ZZ0009/P";"2005-06-03";"10.08"
"1141ZZ0009/P";"2005-06-04";"10.08"
"1141ZZ0009/P";"2005-06-05";"10.08"
"1141ZZ0009/P";"2005-06-06";"10.23"
"1141ZZ0009/P";"2005-06-07";"10.11"
"1141ZZ0009/P";"2005-06-08";"10.08"
"1141ZZ0009/P";"2005-06-09";"10.06"
"1141ZZ0009/P";"2005-06-10";"10.14"
"1141ZZ0009/P";"2005-06-11";"10.18"
"1141ZZ0009/P";"2005-06-12";"10.11"
"1141ZZ0009/P";"2005-06-13";"10.06"
"1141ZZ0009/P";"2005-06-14";"10.04"
"1141ZZ0009/P";"2005-06-15";"10.03"
"1141ZZ0009/P";"2005-06-16";"10.05"
"1141ZZ0009/P";"2005-06-17";"10.06"
"1141ZZ0009/P";"2005-06-18";"10.07"
"1141ZZ0009/P";"2005-06-19";"10.06"
"1141ZZ0009/P";"2005-06-20";"10.07"
"1141ZZ0009/P";"2005-06-21";"10.07"
"1141ZZ0009/P";"2005-06-22";"10.06"
"1141ZZ0009/P";"2005-06-23";"10.06"
"1141ZZ0009/P";"2005-06-24";"10.06"
"1141ZZ0009/P";"2005-06-25";"10.07"
"1141ZZ0009/P";"2005-06-26";"10.06"
"1141ZZ0009/P";"2005-06-27";"10.06"
"1141ZZ0009/P";"2005-06-28";"10.06"
"1141ZZ0009/P";"2005-06-29";"10.07"
"1141ZZ0009/P";"2005-06-30";"10.06"
"1141ZZ0009/P";"2005-07-01";"10.06"
"1141ZZ0009/P";"2005-07-02";"10.06"
"1141ZZ0009/P";"2005-07-03";"10.06"
"1141ZZ0009/P";"2005-07-04";"10.06"
"1141ZZ0009/P";"2005-07-05";"10.06"
"1141ZZ0009/P";"2005-07-06";"10.06"
"1141ZZ0009/P";"2005-07-07";"10.05"
"1141ZZ0009/P";"2005-07-08";"10.05"
"1141ZZ0009/P";"2005-07-09";"10.05"
"1141ZZ0009/P";"2005-07-10";"10.04"
"1141ZZ0009/P";"2005-07-11";"10.04"
"1141ZZ0009/P";"2005-07-12";"10.04"
"1141ZZ0009/P";"2005-07-13";"10.05"
"1141ZZ0009/P";"2005-07-14";"10.04"
"1141ZZ0009/P";"2005-07-15";"10.05"
"1141ZZ0009/P";"2005-08-15";"9.95"
"1141ZZ0009/P";"2005-08-16";"9.95"
"1141ZZ0009/P";"2005-08-17";"9.97"
"1141ZZ0009/P";"2005-08-18";"9.95"
"1141ZZ0009/P";"2005-08-19";"9.97"
"1141ZZ0009/P";"2005-08-20";"9.95"
"1141ZZ0009/P";"2005-08-21";"9.95"
"1141ZZ0009/P";"2005-08-22";"9.98"
"1141ZZ0009/P";"2005-08-23";"9.96"
"1141ZZ0009/P";"2005-08-24";"9.97"
"1141ZZ0009/P";"2005-08-25";"10.03"
"1141ZZ0009/P";"2005-08-26";"10.1"
"1141ZZ0009/P";"2005-08-27";"10.0"
"1141ZZ0009/P";"2005-08-28";"9.96"
"1141ZZ0009/P";"2005-08-29";"9.98"
"1141ZZ0009/P";"2005-08-30";"9.98"
"1141ZZ0009/P";"2005-08-31";"9.97"
"1141ZZ0009/P";"2005-09-01";"9.98"
"1141ZZ0009/P";"2005-09-02";"9.98"
"1141ZZ0009/P";"2005-09-03";"9.98"
"1141ZZ0009/P";"2005-09-04";"9.99"
"1141ZZ0009/P";"2005-09-05";"9.99"
"1141ZZ0009/P";"2005-09-06";"9.97"
"1141ZZ0009/P";"2005-09-07";"9.98"
"1141ZZ0009/P";"2005-09-08";"9.98"
"1141ZZ0009/P";"2005-09-09";"9.98"
"1141ZZ0009/P";"2005-09-10";"9.99"
"1141ZZ0009/P";"2005-09-11";"10.0"
"1141ZZ0009/P";"2005-09-13";"10.03"
"1141ZZ0009/P";"2005-09-14";"9.95"
"1141ZZ0009/P";"2005-09-15";"9.99"
"1141ZZ0009/P";"2005-10-03";"10.05"
"1141ZZ0009/P";"2005-11-03";"10.19"
"1141ZZ0009/P";"2005-11-05";"10.17"
"1141ZZ0009/P";"2005-11-06";"10.17"
"1141ZZ0009/P";"2005-11-07";"10.18"
"1141ZZ0009/P";"2005-11-08";"10.18"
"1141ZZ0009/P";"2005-11-09";"10.19"
"1141ZZ0009/P";"2005-11-10";"10.18"
"1141ZZ0009/P";"2005-11-11";"10.24"
"1141ZZ0009/P";"2005-11-12";"10.23"
"1141ZZ0009/P";"2005-11-13";"10.22"
"1141ZZ0009/P";"2005-11-14";"10.56"
"1141ZZ0009/P";"2005-11-15";"10.37"
"1141ZZ0009/P";"2005-11-16";"10.31"
"1141ZZ0009/P";"2005-11-17";"10.35"
"1141ZZ0009/P";"2005-11-18";"10.3"
"1141ZZ0009/P";"2005-11-19";"10.29"
"1141ZZ0009/P";"2005-11-20";"10.28"
"1141ZZ0009/P";"2005-11-21";"10.28"
"1141ZZ0009/P";"2005-11-22";"10.28"
"1141ZZ0009/P";"2005-11-23";"10.29"
"1141ZZ0009/P";"2005-11-24";"10.29"
"1141ZZ0009/P";"2005-11-25";"10.29"
"1141ZZ0009/P";"2005-11-26";"10.3"
"1141ZZ0009/P";"2005-11-27";"10.3"
"1141ZZ0009/P";"2005-11-28";"10.31"
"1141ZZ0009/P";"2005-11-29";"10.31"
"1141ZZ0009/P";"2005-11-30";"10.31"
"1141ZZ0009/P";"2005-12-01";"10.31"
"1141ZZ0009/P";"2005-12-02";"10.31"
"1141ZZ0009/P";"2005-12-03";"10.31"
"1141ZZ0009/P";"2005-12-04";"10.32"
"1141ZZ0009/P";"2005-12-05";"10.32"
"1141ZZ0009/P";"2005-12-06";"10.32"
"1141ZZ0009/P";"2005-12-07";"10.32"
"1141ZZ0009/P";"2005-12-08";"10.32"
"1141ZZ0009/P";"2005-12-09";"10.33"
"1141ZZ0009/P";"2005-12-10";"10.33"
"1141ZZ0009/P";"2005-12-11";"10.33"
"1141ZZ0009/P";"2005-12-12";"10.33"
"1141ZZ0009/P";"2005-12-13";"10.34"
"1141ZZ0009/P";"2005-12-14";"10.33"
"1141ZZ0009/P";"2005-12-15";"10.34"
"1141ZZ0009/P";"2005-12-16";"10.34"
"1141ZZ0009/P";"2005-12-17";"10.34"
"1141ZZ0009/P";"2005-12-18";"10.34"
"1141ZZ0009/P";"2005-12-19";"10.34"
"1141ZZ0009/P";"2005-12-20";"10.34"
"1141ZZ0009/P";"2005-12-21";"10.35"
"1141ZZ0009/P";"2005-12-22";"10.35"
"1141ZZ0009/P";"2005-12-23";"10.35"
"1141ZZ0009/P";"2005-12-24";"10.35"
"1141ZZ0009/P";"2005-12-25";"10.35"
"1141ZZ0009/P";"2005-12-26";"10.35"
"1141ZZ0009/P";"2005-12-27";"10.35"
"1141ZZ0009/P";"2005-12-28";"10.36"
"1141ZZ0009/P";"2005-12-29";"10.36"
"1141ZZ0009/P";"2005-12-30";"10.36"
"1141ZZ0009/P";"2005-12-31";"10.36"
"1141ZZ0009/P";"2006-01-01";"10.36"
"1141ZZ0009/P";"2006-01-02";"10.36"
"1141ZZ0009/P";"2006-01-03";"10.36"
"1141ZZ0009/P";"2006-01-04";"10.36"
"1141ZZ0009/P";"2006-01-05";"10.36"
"1141ZZ0009/P";"2006-01-06";"10.35"
"1141ZZ0009/P";"2006-01-07";"10.35"
"1141ZZ0009/P";"2006-01-08";"10.35"
"1141ZZ0009/P";"2006-01-09";"10.34"
"1141ZZ0009/P";"2006-01-10";"10.34"
"1141ZZ0009/P";"2006-01-11";"10.34"
"1141ZZ0009/P";"2006-01-12";"10.34"
"1141ZZ0009/P";"2006-01-13";"10.34"
"1141ZZ0009/P";"2006-01-14";"10.34"
"1141ZZ0009/P";"2006-01-15";"10.34"
"1141ZZ0009/P";"2006-01-16";"10.34"
"1141ZZ0009/P";"2006-01-17";"10.39"
"1141ZZ0009/P";"2006-01-18";"10.39"
"1141ZZ0009/P";"2006-01-19";"10.39"
"1141ZZ0009/P";"2006-01-20";"10.39"
"1141ZZ0009/P";"2006-01-21";"10.39"
"1141ZZ0009/P";"2006-01-22";"10.39"
"1141ZZ0009/P";"2006-01-23";"10.38"
"1141ZZ0009/P";"2006-01-24";"10.38"
"1141ZZ0009/P";"2006-01-25";"10.38"
"1141ZZ0009/P";"2006-01-26";"10.38"
"1141ZZ0009/P";"2006-01-27";"10.38"
"1141ZZ0009/P";"2006-01-28";"10.37"
"1141ZZ0009/P";"2006-01-29";"10.37"
"1141ZZ0009/P";"2006-01-30";"10.37"
"1141ZZ0009/P";"2006-01-31";"10.37"
"1141ZZ0009/P";"2006-02-01";"10.37"
"1141ZZ0009/P";"2006-02-02";"10.37"
"1141ZZ0009/P";"2006-02-03";"10.36"
"1141ZZ0009/P";"2006-02-04";"10.36"
"1141ZZ0009/P";"2006-02-05";"10.36"
"1141ZZ0009/P";"2006-02-06";"10.36"
"1141ZZ0009/P";"2006-02-07";"10.36"
"1141ZZ0009/P";"2006-02-08";"10.36"
"1141ZZ0009/P";"2006-03-03";"10.25"
"1141ZZ0009/P";"2006-03-24";"10.19"
"1141ZZ0009/P";"2006-05-05";"10.05"
"1141ZZ0009/P";"2006-06-01";"9.92"
"1141ZZ0009/P";"2006-07-05";"9.82"
"1141ZZ0009/P";"2006-08-03";"9.83"
"1141ZZ0009/P";"2006-09-05";"9.82"
"1141ZZ0009/P";"2006-10-03";"9.66"
"1141ZZ0009/P";"2006-11-07";"9.89"
"1141ZZ0009/P";"2006-12-05";"9.85"
